2022-10-19 13:03:49
Calculation of atomic orbitals for a central potential
Solving Schrödinger eq. by variable sptep-size Numerov method
Hydrogenic potential -Z/r
Z	L	E(a.u.)	  r_max(a.u.)	N. points
1	0	-0.5	  10.0		300
Normalised radial wavefunction P(r)
 Format r(i), P(i) with r(i)=0.000111111*i^2
 1.111111e-04   2.222455e-04
 4.444444e-04   8.885426e-04
 1.000000e-03   1.998051e-03
 1.777778e-03   3.549291e-03
 2.777778e-03   5.540198e-03
 4.000000e-03   7.968119e-03
 5.444444e-03   1.082982e-02
 7.111111e-03   1.412151e-02
 9.000000e-03   1.783879e-02
 1.111111e-02   2.197674e-02
 1.344444e-02   2.652987e-02
 1.600000e-02   3.149215e-02
 1.877778e-02   3.685701e-02
 2.177778e-02   4.261735e-02
 2.500000e-02   4.876558e-02
 2.844444e-02   5.529361e-02
 3.211111e-02   6.219283e-02
 3.600000e-02   6.945421e-02
 4.011111e-02   7.706821e-02
 4.444444e-02   8.502489e-02
 4.900000e-02   9.331387e-02
 5.377778e-02   1.019244e-01
 5.877778e-02   1.108452e-01
 6.400000e-02   1.200648e-01
 6.944444e-02   1.295713e-01
 7.511111e-02   1.393524e-01
 8.100000e-02   1.493955e-01
 8.711111e-02   1.596880e-01
 9.344444e-02   1.702165e-01
 1.000000e-01   1.809677e-01
 1.067778e-01   1.919280e-01
 1.137778e-01   2.030836e-01
 1.210000e-01   2.144204e-01
 1.284444e-01   2.259243e-01
 1.361111e-01   2.375810e-01
 1.440000e-01   2.493759e-01
 1.521111e-01   2.612945e-01
 1.604444e-01   2.733222e-01
 1.690000e-01   2.854443e-01
 1.777778e-01   2.976459e-01
 1.867778e-01   3.099125e-01
 1.960000e-01   3.222291e-01
 2.054444e-01   3.345811e-01
 2.151111e-01   3.469538e-01
 2.250000e-01   3.593326e-01
 2.351111e-01   3.717030e-01
 2.454444e-01   3.840506e-01
 2.560000e-01   3.963610e-01
 2.667778e-01   4.086203e-01
 2.777778e-01   4.208143e-01
 2.890000e-01   4.329294e-01
 3.004444e-01   4.449520e-01
 3.121111e-01   4.568687e-01
 3.240000e-01   4.686665e-01
 3.361111e-01   4.803325e-01
 3.484444e-01   4.918542e-01
 3.610000e-01   5.032192e-01
 3.737778e-01   5.144157e-01
 3.867778e-01   5.254319e-01
 4.000000e-01   5.362565e-01
 4.134444e-01   5.468785e-01
 4.271111e-01   5.572874e-01
 4.410000e-01   5.674728e-01
 4.551111e-01   5.774249e-01
 4.694444e-01   5.871342e-01
 4.840000e-01   5.965916e-01
 4.987778e-01   6.057884e-01
 5.137778e-01   6.147164e-01
 5.290000e-01   6.233676e-01
 5.444444e-01   6.317346e-01
 5.601111e-01   6.398105e-01
 5.760000e-01   6.475886e-01
 5.921111e-01   6.550628e-01
 6.084444e-01   6.622274e-01
 6.250000e-01   6.690773e-01
 6.417778e-01   6.756075e-01
 6.587778e-01   6.818137e-01
 6.760000e-01   6.876919e-01
 6.934444e-01   6.932388e-01
 7.111111e-01   6.984513e-01
 7.290000e-01   7.033268e-01
 7.471111e-01   7.078631e-01
 7.654444e-01   7.120585e-01
 7.840000e-01   7.159117e-01
 8.027778e-01   7.194219e-01
 8.217778e-01   7.225886e-01
 8.410000e-01   7.254118e-01
 8.604444e-01   7.278918e-01
 8.801111e-01   7.300295e-01
 9.000000e-01   7.318259e-01
 9.201111e-01   7.332826e-01
 9.404444e-01   7.344016e-01
 9.610000e-01   7.351851e-01
 9.817778e-01   7.356357e-01
 1.002778e+00   7.357565e-01
 1.024000e+00   7.355508e-01
 1.045444e+00   7.350222e-01
 1.067111e+00   7.341748e-01
 1.089000e+00   7.330126e-01
 1.111111e+00   7.315404e-01
 1.133444e+00   7.297630e-01
 1.156000e+00   7.276854e-01
 1.178778e+00   7.253131e-01
 1.201778e+00   7.226516e-01
 1.225000e+00   7.197068e-01
 1.248444e+00   7.164848e-01
 1.272111e+00   7.129917e-01
 1.296000e+00   7.092341e-01
 1.320111e+00   7.052186e-01
 1.344444e+00   7.009521e-01
 1.369000e+00   6.964414e-01
 1.393778e+00   6.916937e-01
 1.418778e+00   6.867162e-01
 1.444000e+00   6.815162e-01
 1.469444e+00   6.761014e-01
 1.495111e+00   6.704790e-01
 1.521000e+00   6.646569e-01
 1.547111e+00   6.586428e-01
 1.573444e+00   6.524443e-01
 1.600000e+00   6.460692e-01
 1.626778e+00   6.395255e-01
 1.653778e+00   6.328209e-01
 1.681000e+00   6.259634e-01
 1.708444e+00   6.189607e-01
 1.736111e+00   6.118208e-01
 1.764000e+00   6.045515e-01
 1.792111e+00   5.971607e-01
 1.820444e+00   5.896559e-01
 1.849000e+00   5.820451e-01
 1.877778e+00   5.743358e-01
 1.906778e+00   5.665356e-01
 1.936000e+00   5.586521e-01
 1.965444e+00   5.506927e-01
 1.995111e+00   5.426647e-01
 2.025000e+00   5.345753e-01
 2.055111e+00   5.264318e-01
 2.085444e+00   5.182410e-01
 2.116000e+00   5.100100e-01
 2.146778e+00   5.017455e-01
 2.177778e+00   4.934542e-01
 2.209000e+00   4.851426e-01
 2.240444e+00   4.768169e-01
 2.272111e+00   4.684836e-01
 2.304000e+00   4.601486e-01
 2.336111e+00   4.518179e-01
 2.368444e+00   4.434973e-01
 2.401000e+00   4.351923e-01
 2.433778e+00   4.269085e-01
 2.466778e+00   4.186510e-01
 2.500000e+00   4.104251e-01
 2.533444e+00   4.022356e-01
 2.567111e+00   3.940874e-01
 2.601000e+00   3.859851e-01
 2.635111e+00   3.779330e-01
 2.669444e+00   3.699355e-01
 2.704000e+00   3.619966e-01
 2.738778e+00   3.541203e-01
 2.773778e+00   3.463102e-01
 2.809000e+00   3.385701e-01
 2.844444e+00   3.309032e-01
 2.880111e+00   3.233128e-01
 2.916000e+00   3.158019e-01
 2.952111e+00   3.083735e-01
 2.988444e+00   3.010303e-01
 3.025000e+00   2.937748e-01
 3.061778e+00   2.866094e-01
 3.098778e+00   2.795363e-01
 3.136000e+00   2.725577e-01
 3.173444e+00   2.656754e-01
 3.211111e+00   2.588912e-01
 3.249000e+00   2.522068e-01
 3.287111e+00   2.456235e-01
 3.325444e+00   2.391428e-01
 3.364000e+00   2.327658e-01
 3.402778e+00   2.264935e-01
 3.441778e+00   2.203269e-01
 3.481000e+00   2.142667e-01
 3.520444e+00   2.083136e-01
 3.560111e+00   2.024681e-01
 3.600000e+00   1.967306e-01
 3.640111e+00   1.911015e-01
 3.680444e+00   1.855808e-01
 3.721000e+00   1.801687e-01
 3.761778e+00   1.748651e-01
 3.802778e+00   1.696699e-01
 3.844000e+00   1.645829e-01
 3.885444e+00   1.596037e-01
 3.927111e+00   1.547318e-01
 3.969000e+00   1.499669e-01
 4.011111e+00   1.453083e-01
 4.053444e+00   1.407553e-01
 4.096000e+00   1.363072e-01
 4.138778e+00   1.319631e-01
 4.181778e+00   1.277223e-01
 4.225000e+00   1.235837e-01
 4.268444e+00   1.195463e-01
 4.312111e+00   1.156092e-01
 4.356000e+00   1.117711e-01
 4.400111e+00   1.080309e-01
 4.444444e+00   1.043873e-01
 4.489000e+00   1.008392e-01
 4.533778e+00   9.738527e-02
 4.578778e+00   9.402409e-02
 4.624000e+00   9.075435e-02
 4.669444e+00   8.757464e-02
 4.715111e+00   8.448354e-02
 4.761000e+00   8.147959e-02
 4.807111e+00   7.856131e-02
 4.853444e+00   7.572722e-02
 4.900000e+00   7.297581e-02
 4.946778e+00   7.030555e-02
 4.993778e+00   6.771489e-02
 5.041000e+00   6.520231e-02
 5.088444e+00   6.276623e-02
 5.136111e+00   6.040509e-02
 5.184000e+00   5.811735e-02
 5.232111e+00   5.590142e-02
 5.280444e+00   5.375574e-02
 5.329000e+00   5.167876e-02
 5.377778e+00   4.966890e-02
 5.426778e+00   4.772463e-02
 5.476000e+00   4.584439e-02
 5.525444e+00   4.402665e-02
 5.575111e+00   4.226989e-02
 5.625000e+00   4.057257e-02
 5.675111e+00   3.893322e-02
 5.725444e+00   3.735032e-02
 5.776000e+00   3.582243e-02
 5.826778e+00   3.434806e-02
 5.877778e+00   3.292580e-02
 5.929000e+00   3.155421e-02
 5.980444e+00   3.023189e-02
 6.032111e+00   2.895746e-02
 6.084000e+00   2.772956e-02
 6.136111e+00   2.654684e-02
 6.188444e+00   2.540799e-02
 6.241000e+00   2.431170e-02
 6.293778e+00   2.325670e-02
 6.346778e+00   2.224173e-02
 6.400000e+00   2.126558e-02
 6.453444e+00   2.032702e-02
 6.507111e+00   1.942488e-02
 6.561000e+00   1.855799e-02
 6.615111e+00   1.772524e-02
 6.669444e+00   1.692549e-02
 6.724000e+00   1.615768e-02
 6.778778e+00   1.542074e-02
 6.833778e+00   1.471362e-02
 6.889000e+00   1.403533e-02
 6.944444e+00   1.338487e-02
 7.000111e+00   1.276127e-02
 7.056000e+00   1.216361e-02
 7.112111e+00   1.159096e-02
 7.168444e+00   1.104243e-02
 7.225000e+00   1.051715e-02
 7.281778e+00   1.001428e-02
 7.338778e+00   9.533007e-03
 7.396000e+00   9.072519e-03
 7.453444e+00   8.632046e-03
 7.511111e+00   8.210833e-03
 7.569000e+00   7.808150e-03
 7.627111e+00   7.423286e-03
 7.685444e+00   7.055554e-03
 7.744000e+00   6.704285e-03
 7.802778e+00   6.368833e-03
 7.861778e+00   6.048571e-03
 7.921000e+00   5.742892e-03
 7.980444e+00   5.451210e-03
 8.040111e+00   5.172955e-03
 8.100000e+00   4.907578e-03
 8.160111e+00   4.654548e-03
 8.220444e+00   4.413351e-03
 8.281000e+00   4.183492e-03
 8.341778e+00   3.964491e-03
 8.402778e+00   3.755885e-03
 8.464000e+00   3.557228e-03
 8.525444e+00   3.368089e-03
 8.587111e+00   3.188054e-03
 8.649000e+00   3.016722e-03
 8.711111e+00   2.853707e-03
 8.773444e+00   2.698637e-03
 8.836000e+00   2.551154e-03
 8.898778e+00   2.410913e-03
 8.961778e+00   2.277582e-03
 9.025000e+00   2.150841e-03
 9.088444e+00   2.030383e-03
 9.152111e+00   1.915913e-03
 9.216000e+00   1.807144e-03
 9.280111e+00   1.703804e-03
 9.344444e+00   1.605629e-03
 9.409000e+00   1.512367e-03
 9.473778e+00   1.423772e-03
 9.538778e+00   1.339613e-03
 9.604000e+00   1.259662e-03
 9.669444e+00   1.183704e-03
 9.735111e+00   1.111531e-03
 9.801000e+00   1.042942e-03
 9.867111e+00   9.777439e-04
 9.933444e+00   9.157521e-04
 1.000000e+01   8.567877e-04
