2022-10-19 13:06:13
Calculation of atomic orbitals for a central potential
Solving Schrödinger eq. by variable sptep-size Numerov method
Green-Sellin-Zachor potential
Z	N	H	D	L	E(a.u.)	  r_max(a.u.)	N. points
26	20	1.32	0.258	0	-30.5	  1.5		300
Normalised radial wavefunction P(r)
 Format r(i), P(i) with r(i)=1.66667e-05*i^2
 1.666667e-05  -5.576432e-04
 6.666667e-05  -4.388249e-03
 1.500000e-04  -1.075330e-02
 2.666667e-04  -1.962089e-02
 4.166667e-04  -3.094567e-02
 6.000000e-04  -4.466934e-02
 8.166667e-04  -6.072101e-02
 1.066667e-03  -7.901762e-02
 1.350000e-03  -9.946434e-02
 1.666667e-03  -1.219551e-01
 2.016667e-03  -1.463732e-01
 2.400000e-03  -1.725917e-01
 2.816667e-03  -2.004744e-01
 3.266667e-03  -2.298761e-01
 3.750000e-03  -2.606438e-01
 4.266667e-03  -2.926171e-01
 4.816667e-03  -3.256291e-01
 5.400000e-03  -3.595073e-01
 6.016667e-03  -3.940744e-01
 6.666667e-03  -4.291492e-01
 7.350000e-03  -4.645475e-01
 8.066667e-03  -5.000827e-01
 8.816667e-03  -5.355672e-01
 9.600000e-03  -5.708128e-01
 1.041667e-02  -6.056318e-01
 1.126667e-02  -6.398381e-01
 1.215000e-02  -6.732475e-01
 1.306667e-02  -7.056789e-01
 1.401667e-02  -7.369554e-01
 1.500000e-02  -7.669042e-01
 1.601667e-02  -7.953583e-01
 1.706667e-02  -8.221566e-01
 1.815000e-02  -8.471448e-01
 1.926667e-02  -8.701761e-01
 2.041667e-02  -8.911116e-01
 2.160000e-02  -9.098209e-01
 2.281667e-02  -9.261828e-01
 2.406667e-02  -9.400853e-01
 2.535000e-02  -9.514265e-01
 2.666667e-02  -9.601147e-01
 2.801667e-02  -9.660684e-01
 2.940000e-02  -9.692172e-01
 3.081667e-02  -9.695014e-01
 3.226667e-02  -9.668723e-01
 3.375000e-02  -9.612923e-01
 3.526667e-02  -9.527350e-01
 3.681667e-02  -9.411849e-01
 3.840000e-02  -9.266377e-01
 4.001667e-02  -9.090999e-01
 4.166667e-02  -8.885886e-01
 4.335000e-02  -8.651314e-01
 4.506667e-02  -8.387662e-01
 4.681667e-02  -8.095407e-01
 4.860000e-02  -7.775122e-01
 5.041667e-02  -7.427472e-01
 5.226667e-02  -7.053210e-01
 5.415000e-02  -6.653172e-01
 5.606667e-02  -6.228273e-01
 5.801667e-02  -5.779503e-01
 6.000000e-02  -5.307920e-01
 6.201667e-02  -4.814646e-01
 6.406667e-02  -4.300862e-01
 6.615000e-02  -3.767802e-01
 6.826667e-02  -3.216747e-01
 7.041667e-02  -2.649020e-01
 7.260000e-02  -2.065981e-01
 7.481667e-02  -1.469021e-01
 7.706667e-02  -8.595538e-02
 7.935000e-02  -2.390155e-02
 8.166667e-02   3.911450e-02
 8.401667e-02   1.029470e-01
 8.640000e-02   1.674497e-01
 8.881667e-02   2.324768e-01
 9.126667e-02   2.978828e-01
 9.375000e-02   3.635236e-01
 9.626667e-02   4.292565e-01
 9.881667e-02   4.949410e-01
 1.014000e-01   5.604390e-01
 1.040167e-01   6.256151e-01
 1.066667e-01   6.903372e-01
 1.093500e-01   7.544769e-01
 1.120667e-01   8.179095e-01
 1.148167e-01   8.805146e-01
 1.176000e-01   9.421762e-01
 1.204167e-01   1.002783e+00
 1.232667e-01   1.062229e+00
 1.261500e-01   1.120412e+00
 1.290667e-01   1.177237e+00
 1.320167e-01   1.232613e+00
 1.350000e-01   1.286455e+00
 1.380167e-01   1.338684e+00
 1.410667e-01   1.389227e+00
 1.441500e-01   1.438015e+00
 1.472667e-01   1.484987e+00
 1.504167e-01   1.530087e+00
 1.536000e-01   1.573264e+00
 1.568167e-01   1.614474e+00
 1.600667e-01   1.653677e+00
 1.633500e-01   1.690842e+00
 1.666667e-01   1.725939e+00
 1.700167e-01   1.758948e+00
 1.734000e-01   1.789851e+00
 1.768167e-01   1.818637e+00
 1.802667e-01   1.845298e+00
 1.837500e-01   1.869835e+00
 1.872667e-01   1.892250e+00
 1.908167e-01   1.912550e+00
 1.944000e-01   1.930749e+00
 1.980167e-01   1.946862e+00
 2.016667e-01   1.960910e+00
 2.053500e-01   1.972918e+00
 2.090667e-01   1.982913e+00
 2.128167e-01   1.990927e+00
 2.166000e-01   1.996995e+00
 2.204167e-01   2.001154e+00
 2.242667e-01   2.003444e+00
 2.281500e-01   2.003910e+00
 2.320667e-01   2.002595e+00
 2.360167e-01   1.999549e+00
 2.400000e-01   1.994821e+00
 2.440167e-01   1.988461e+00
 2.480667e-01   1.980524e+00
 2.521500e-01   1.971063e+00
 2.562667e-01   1.960135e+00
 2.604167e-01   1.947795e+00
 2.646000e-01   1.934102e+00
 2.688167e-01   1.919112e+00
 2.730667e-01   1.902886e+00
 2.773500e-01   1.885482e+00
 2.816667e-01   1.866959e+00
 2.860167e-01   1.847376e+00
 2.904000e-01   1.826793e+00
 2.948167e-01   1.805267e+00
 2.992667e-01   1.782858e+00
 3.037500e-01   1.759624e+00
 3.082667e-01   1.735621e+00
 3.128167e-01   1.710906e+00
 3.174000e-01   1.685536e+00
 3.220167e-01   1.659564e+00
 3.266667e-01   1.633045e+00
 3.313500e-01   1.606032e+00
 3.360667e-01   1.578576e+00
 3.408167e-01   1.550727e+00
 3.456000e-01   1.522535e+00
 3.504167e-01   1.494047e+00
 3.552667e-01   1.465311e+00
 3.601500e-01   1.436370e+00
 3.650667e-01   1.407268e+00
 3.700167e-01   1.378048e+00
 3.750000e-01   1.348750e+00
 3.800167e-01   1.319413e+00
 3.850667e-01   1.290074e+00
 3.901500e-01   1.260769e+00
 3.952667e-01   1.231534e+00
 4.004167e-01   1.202399e+00
 4.056000e-01   1.173398e+00
 4.108167e-01   1.144559e+00
 4.160667e-01   1.115910e+00
 4.213500e-01   1.087479e+00
 4.266667e-01   1.059290e+00
 4.320167e-01   1.031367e+00
 4.374000e-01   1.003732e+00
 4.428167e-01   9.764057e-01
 4.482667e-01   9.494076e-01
 4.537500e-01   9.227555e-01
 4.592667e-01   8.964659e-01
 4.648167e-01   8.705542e-01
 4.704000e-01   8.450341e-01
 4.760167e-01   8.199184e-01
 4.816667e-01   7.952187e-01
 4.873500e-01   7.709451e-01
 4.930667e-01   7.471069e-01
 4.988167e-01   7.237120e-01
 5.046000e-01   7.007675e-01
 5.104167e-01   6.782793e-01
 5.162667e-01   6.562524e-01
 5.221500e-01   6.346908e-01
 5.280667e-01   6.135977e-01
 5.340167e-01   5.929753e-01
 5.400000e-01   5.728252e-01
 5.460167e-01   5.531478e-01
 5.520667e-01   5.339433e-01
 5.581500e-01   5.152107e-01
 5.642667e-01   4.969487e-01
 5.704167e-01   4.791551e-01
 5.766000e-01   4.618273e-01
 5.828167e-01   4.449620e-01
 5.890667e-01   4.285555e-01
 5.953500e-01   4.126036e-01
 6.016667e-01   3.971016e-01
 6.080167e-01   3.820443e-01
 6.144000e-01   3.674263e-01
 6.208167e-01   3.532417e-01
 6.272667e-01   3.394844e-01
 6.337500e-01   3.261477e-01
 6.402667e-01   3.132251e-01
 6.468167e-01   3.007095e-01
 6.534000e-01   2.885937e-01
 6.600167e-01   2.768703e-01
 6.666667e-01   2.655318e-01
 6.733500e-01   2.545704e-01
 6.800667e-01   2.439782e-01
 6.868167e-01   2.337474e-01
 6.936000e-01   2.238700e-01
 7.004167e-01   2.143378e-01
 7.072667e-01   2.051426e-01
 7.141500e-01   1.962765e-01
 7.210667e-01   1.877311e-01
 7.280167e-01   1.794983e-01
 7.350000e-01   1.715699e-01
 7.420167e-01   1.639378e-01
 7.490667e-01   1.565940e-01
 7.561500e-01   1.495304e-01
 7.632667e-01   1.427390e-01
 7.704167e-01   1.362119e-01
 7.776000e-01   1.299413e-01
 7.848167e-01   1.239195e-01
 7.920667e-01   1.181389e-01
 7.993500e-01   1.125920e-01
 8.066667e-01   1.072713e-01
 8.140167e-01   1.021696e-01
 8.214000e-01   9.727971e-02
 8.288167e-01   9.259461e-02
 8.362667e-01   8.810742e-02
 8.437500e-01   8.381137e-02
 8.512667e-01   7.969983e-02
 8.588167e-01   7.576633e-02
 8.664000e-01   7.200455e-02
 8.740167e-01   6.840829e-02
 8.816667e-01   6.497152e-02
 8.893500e-01   6.168834e-02
 8.970667e-01   5.855302e-02
 9.048167e-01   5.555997e-02
 9.126000e-01   5.270374e-02
 9.204167e-01   4.997904e-02
 9.282667e-01   4.738074e-02
 9.361500e-01   4.490383e-02
 9.440667e-01   4.254347e-02
 9.520167e-01   4.029494e-02
 9.600000e-01   3.815371e-02
 9.680167e-01   3.611533e-02
 9.760667e-01   3.417555e-02
 9.841500e-01   3.233022e-02
 9.922667e-01   3.057533e-02
 1.000417e+00   2.890702e-02
 1.008600e+00   2.732156e-02
 1.016817e+00   2.581533e-02
 1.025067e+00   2.438486e-02
 1.033350e+00   2.302679e-02
 1.041667e+00   2.173787e-02
 1.050017e+00   2.051500e-02
 1.058400e+00   1.935518e-02
 1.066817e+00   1.825550e-02
 1.075267e+00   1.721321e-02
 1.083750e+00   1.622561e-02
 1.092267e+00   1.529016e-02
 1.100817e+00   1.440438e-02
 1.109400e+00   1.356590e-02
 1.118017e+00   1.277245e-02
 1.126667e+00   1.202187e-02
 1.135350e+00   1.131205e-02
 1.144067e+00   1.064099e-02
 1.152817e+00   1.000679e-02
 1.161600e+00   9.407599e-03
 1.170417e+00   8.841670e-03
 1.179267e+00   8.307322e-03
 1.188150e+00   7.802948e-03
 1.197067e+00   7.327015e-03
 1.206017e+00   6.878056e-03
 1.215000e+00   6.454672e-03
 1.224017e+00   6.055528e-03
 1.233067e+00   5.679347e-03
 1.242150e+00   5.324916e-03
 1.251267e+00   4.991074e-03
 1.260417e+00   4.676719e-03
 1.269600e+00   4.380797e-03
 1.278817e+00   4.102307e-03
 1.288067e+00   3.840295e-03
 1.297350e+00   3.593855e-03
 1.306667e+00   3.362124e-03
 1.316017e+00   3.144280e-03
 1.325400e+00   2.939544e-03
 1.334817e+00   2.747175e-03
 1.344267e+00   2.566468e-03
 1.353750e+00   2.396756e-03
 1.363267e+00   2.237402e-03
 1.372817e+00   2.087806e-03
 1.382400e+00   1.947395e-03
 1.392017e+00   1.815626e-03
 1.401667e+00   1.691985e-03
 1.411350e+00   1.575985e-03
 1.421067e+00   1.467163e-03
 1.430817e+00   1.365079e-03
 1.440600e+00   1.269318e-03
 1.450417e+00   1.179487e-03
 1.460267e+00   1.095209e-03
 1.470150e+00   1.016132e-03
 1.480067e+00   9.419187e-04
 1.490017e+00   8.722497e-04
 1.500000e+00   8.068223e-04
