Sat Jun 25 18:33:16 2022
Solución ec. Schrödinger por método Numerov-paso variable
Potencial Green-Sellin-Zachor, Z=26.000000
  N=20.000000   H=1.320000   D=0.258000
Momento angular=0  Energia(u.a.)=-30.500000  Radio max. cálculo=1.500000
Función de onda radial P(r) normalizada: valores en 300 puntos
 Formato r(i),P(i) con r(i)=0.000017 *i^2
0.000017  -0.000558
0.000067  -0.004388
0.000150  -0.010753
0.000267  -0.019621
0.000417  -0.030946
0.000600  -0.044669
0.000817  -0.060721
0.001067  -0.079017
0.001350  -0.099464
0.001667  -0.121954
0.002017  -0.146372
0.002400  -0.172591
0.002817  -0.200473
0.003267  -0.229875
0.003750  -0.260642
0.004267  -0.292615
0.004817  -0.325627
0.005400  -0.359505
0.006017  -0.394072
0.006667  -0.429147
0.007350  -0.464545
0.008067  -0.500080
0.008817  -0.535564
0.009600  -0.570809
0.010417  -0.605628
0.011267  -0.639834
0.012150  -0.673243
0.013067  -0.705674
0.014017  -0.736951
0.015000  -0.766899
0.016017  -0.795353
0.017067  -0.822151
0.018150  -0.847139
0.019267  -0.870170
0.020417  -0.891106
0.021600  -0.909815
0.022817  -0.926177
0.024067  -0.940080
0.025350  -0.951421
0.026667  -0.960109
0.028017  -0.966063
0.029400  -0.969212
0.030817  -0.969496
0.032267  -0.966868
0.033750  -0.961288
0.035267  -0.952731
0.036817  -0.941182
0.038400  -0.926635
0.040017  -0.909098
0.041667  -0.888587
0.043350  -0.865130
0.045067  -0.838766
0.046817  -0.809541
0.048600  -0.777513
0.050417  -0.742749
0.052267  -0.705323
0.054150  -0.665320
0.056067  -0.622831
0.058017  -0.577955
0.060000  -0.530797
0.062017  -0.481471
0.064067  -0.430093
0.066150  -0.376788
0.068267  -0.321684
0.070417  -0.264912
0.072600  -0.206609
0.074817  -0.146914
0.077067  -0.085968
0.079350  -0.023915
0.081667  0.039100
0.084017  0.102932
0.086400  0.167434
0.088817  0.232460
0.091267  0.297865
0.093750  0.363505
0.096267  0.429237
0.098817  0.494921
0.101400  0.560418
0.104017  0.625594
0.106667  0.690316
0.109350  0.754455
0.112067  0.817887
0.114817  0.880492
0.117600  0.942153
0.120417  1.002759
0.123267  1.062204
0.126150  1.120387
0.129067  1.177212
0.132017  1.232588
0.135000  1.286430
0.138017  1.338659
0.141067  1.389202
0.144150  1.437990
0.147267  1.484962
0.150417  1.530062
0.153600  1.573239
0.156817  1.614450
0.160067  1.653654
0.163350  1.690819
0.166667  1.725917
0.170017  1.758927
0.173400  1.789830
0.176817  1.818617
0.180267  1.845280
0.183750  1.869817
0.187267  1.892233
0.190817  1.912534
0.194400  1.930734
0.198017  1.946847
0.201667  1.960896
0.205350  1.972905
0.209067  1.982901
0.212817  1.990916
0.216600  1.996984
0.220417  2.001144
0.224267  2.003436
0.228150  2.003902
0.232067  2.002589
0.236017  1.999544
0.240000  1.994817
0.244017  1.988458
0.248067  1.980522
0.252150  1.971062
0.256267  1.960135
0.260417  1.947796
0.264600  1.934103
0.268817  1.919115
0.273067  1.902890
0.277350  1.885487
0.281667  1.866965
0.286017  1.847383
0.290400  1.826800
0.294817  1.805276
0.299267  1.782868
0.303750  1.759634
0.308267  1.735632
0.312817  1.710918
0.317400  1.685548
0.322017  1.659577
0.326667  1.633058
0.331350  1.606045
0.336067  1.578589
0.340817  1.550740
0.345600  1.522548
0.350417  1.494061
0.355267  1.465324
0.360150  1.436383
0.365067  1.407281
0.370017  1.378061
0.375000  1.348763
0.380017  1.319426
0.385067  1.290087
0.390150  1.260783
0.395267  1.231547
0.400417  1.202412
0.405600  1.173411
0.410817  1.144571
0.416067  1.115923
0.421350  1.087491
0.426667  1.059302
0.432017  1.031380
0.437400  1.003745
0.442817  0.976419
0.448267  0.949420
0.453750  0.922768
0.459267  0.896478
0.464817  0.870566
0.470400  0.845045
0.476017  0.819929
0.481667  0.795229
0.487350  0.770955
0.493067  0.747117
0.498817  0.723722
0.504600  0.700777
0.510417  0.678289
0.516267  0.656262
0.522150  0.634700
0.528067  0.613607
0.534017  0.592984
0.540000  0.572834
0.546017  0.553156
0.552067  0.533951
0.558150  0.515218
0.564267  0.496956
0.570417  0.479162
0.576600  0.461834
0.582817  0.444968
0.589067  0.428561
0.595350  0.412609
0.601667  0.397107
0.608017  0.382050
0.614400  0.367431
0.620817  0.353247
0.627267  0.339489
0.633750  0.326152
0.640267  0.313230
0.646817  0.300714
0.653400  0.288598
0.660017  0.276875
0.666667  0.265536
0.673350  0.254574
0.680067  0.243982
0.686817  0.233751
0.693600  0.223874
0.700417  0.214341
0.707267  0.205146
0.714150  0.196280
0.721067  0.187734
0.728017  0.179502
0.735000  0.171573
0.742017  0.163941
0.749067  0.156597
0.756150  0.149533
0.763267  0.142742
0.770417  0.136215
0.777600  0.129944
0.784817  0.123922
0.792067  0.118141
0.799350  0.112594
0.806667  0.107274
0.814017  0.102172
0.821400  0.097282
0.828817  0.092597
0.836267  0.088109
0.843750  0.083813
0.851267  0.079701
0.858817  0.075768
0.866400  0.072006
0.874017  0.068410
0.881667  0.064973
0.889350  0.061690
0.897067  0.058554
0.904817  0.055561
0.912600  0.052705
0.920417  0.049980
0.928267  0.047382
0.936150  0.044905
0.944067  0.042544
0.952017  0.040296
0.960000  0.038154
0.968017  0.036116
0.976067  0.034176
0.984150  0.032331
0.992267  0.030576
1.000417  0.028908
1.008600  0.027322
1.016817  0.025816
1.025067  0.024385
1.033350  0.023027
1.041667  0.021738
1.050017  0.020515
1.058400  0.019355
1.066817  0.018256
1.075267  0.017213
1.083750  0.016226
1.092267  0.015290
1.100817  0.014405
1.109400  0.013566
1.118017  0.012773
1.126667  0.012022
1.135350  0.011312
1.144067  0.010641
1.152817  0.010007
1.161600  0.009408
1.170417  0.008842
1.179267  0.008307
1.188150  0.007803
1.197067  0.007327
1.206017  0.006878
1.215000  0.006455
1.224017  0.006056
1.233067  0.005679
1.242150  0.005325
1.251267  0.004991
1.260417  0.004677
1.269600  0.004381
1.278817  0.004102
1.288067  0.003840
1.297350  0.003594
1.306667  0.003362
1.316017  0.003144
1.325400  0.002940
1.334817  0.002747
1.344267  0.002567
1.353750  0.002397
1.363267  0.002237
1.372817  0.002088
1.382400  0.001947
1.392017  0.001816
1.401667  0.001692
1.411350  0.001576
1.421067  0.001467
1.430817  0.001365
1.440600  0.001269
1.450417  0.001180
1.460267  0.001095
1.470150  0.001016
1.480067  0.000942
1.490017  0.000872
1.500000  0.000807
