2023-04-21 20:45:35
Calculation of atomic orbitals for a central potential
Solving Schrodinger eq. by variable sptep-size Numerov method
Green-Sellin-Zachor potential
Z	N	H	D	L	E(a.u.)	  r_max(a.u.)	N. points
6	6	1.25	0.467	0	-8.5	  3.0		300
Normalised radial wavefunction P(r)
 Format r(i), P(i) with r(i)=3.33333e-05*i^2
 3.333333e-05  -1.359532e-04
 1.333333e-04   2.531415e-03
 3.000000e-04   6.971779e-03
 5.333333e-04   1.317527e-02
 8.333333e-04   2.112751e-02
 1.200000e-03   3.080985e-02
 1.633333e-03   4.219946e-02
 2.133333e-03   5.526942e-02
 2.700000e-03   6.998883e-02
 3.333333e-03   8.632291e-02
 4.033333e-03   1.042331e-01
 4.800000e-03   1.236773e-01
 5.633333e-03   1.446098e-01
 6.533333e-03   1.669816e-01
 7.500000e-03   1.907405e-01
 8.533333e-03   2.158311e-01
 9.633333e-03   2.421955e-01
 1.080000e-02   2.697727e-01
 1.203333e-02   2.984995e-01
 1.333333e-02   3.283104e-01
 1.470000e-02   3.591374e-01
 1.613333e-02   3.909112e-01
 1.763333e-02   4.235602e-01
 1.920000e-02   4.570119e-01
 2.083333e-02   4.911919e-01
 2.253333e-02   5.260253e-01
 2.430000e-02   5.614359e-01
 2.613333e-02   5.973473e-01
 2.803333e-02   6.336822e-01
 3.000000e-02   6.703635e-01
 3.203333e-02   7.073138e-01
 3.413333e-02   7.444561e-01
 3.630000e-02   7.817137e-01
 3.853333e-02   8.190105e-01
 4.083333e-02   8.562713e-01
 4.320000e-02   8.934218e-01
 4.563333e-02   9.303887e-01
 4.813333e-02   9.671004e-01
 5.070000e-02   1.003486e+00
 5.333333e-02   1.039478e+00
 5.603333e-02   1.075009e+00
 5.880000e-02   1.110014e+00
 6.163333e-02   1.144430e+00
 6.453333e-02   1.178197e+00
 6.750000e-02   1.211256e+00
 7.053333e-02   1.243552e+00
 7.363333e-02   1.275031e+00
 7.680000e-02   1.305642e+00
 8.003333e-02   1.335339e+00
 8.333333e-02   1.364074e+00
 8.670000e-02   1.391807e+00
 9.013333e-02   1.418497e+00
 9.363333e-02   1.444108e+00
 9.720000e-02   1.468606e+00
 1.008333e-01   1.491960e+00
 1.045333e-01   1.514143e+00
 1.083000e-01   1.535129e+00
 1.121333e-01   1.554897e+00
 1.160333e-01   1.573427e+00
 1.200000e-01   1.590705e+00
 1.240333e-01   1.606715e+00
 1.281333e-01   1.621449e+00
 1.323000e-01   1.634899e+00
 1.365333e-01   1.647059e+00
 1.408333e-01   1.657928e+00
 1.452000e-01   1.667506e+00
 1.496333e-01   1.675797e+00
 1.541333e-01   1.682805e+00
 1.587000e-01   1.688538e+00
 1.633333e-01   1.693008e+00
 1.680333e-01   1.696226e+00
 1.728000e-01   1.698206e+00
 1.776333e-01   1.698966e+00
 1.825333e-01   1.698524e+00
 1.875000e-01   1.696900e+00
 1.925333e-01   1.694116e+00
 1.976333e-01   1.690196e+00
 2.028000e-01   1.685165e+00
 2.080333e-01   1.679051e+00
 2.133333e-01   1.671880e+00
 2.187000e-01   1.663682e+00
 2.241333e-01   1.654487e+00
 2.296333e-01   1.644327e+00
 2.352000e-01   1.633234e+00
 2.408333e-01   1.621240e+00
 2.465333e-01   1.608381e+00
 2.523000e-01   1.594688e+00
 2.581333e-01   1.580199e+00
 2.640333e-01   1.564947e+00
 2.700000e-01   1.548969e+00
 2.760333e-01   1.532300e+00
 2.821333e-01   1.514976e+00
 2.883000e-01   1.497033e+00
 2.945333e-01   1.478508e+00
 3.008333e-01   1.459435e+00
 3.072000e-01   1.439851e+00
 3.136333e-01   1.419791e+00
 3.201333e-01   1.399291e+00
 3.267000e-01   1.378385e+00
 3.333333e-01   1.357107e+00
 3.400333e-01   1.335493e+00
 3.468000e-01   1.313574e+00
 3.536333e-01   1.291383e+00
 3.605333e-01   1.268954e+00
 3.675000e-01   1.246317e+00
 3.745333e-01   1.223503e+00
 3.816333e-01   1.200542e+00
 3.888000e-01   1.177464e+00
 3.960333e-01   1.154296e+00
 4.033333e-01   1.131067e+00
 4.107000e-01   1.107803e+00
 4.181333e-01   1.084530e+00
 4.256333e-01   1.061273e+00
 4.332000e-01   1.038057e+00
 4.408333e-01   1.014903e+00
 4.485333e-01   9.918348e-01
 4.563000e-01   9.688732e-01
 4.641333e-01   9.460385e-01
 4.720333e-01   9.233503e-01
 4.800000e-01   9.008268e-01
 4.880333e-01   8.784857e-01
 4.961333e-01   8.563435e-01
 5.043000e-01   8.344158e-01
 5.125333e-01   8.127175e-01
 5.208333e-01   7.912623e-01
 5.292000e-01   7.700633e-01
 5.376333e-01   7.491324e-01
 5.461333e-01   7.284810e-01
 5.547000e-01   7.081193e-01
 5.633333e-01   6.880569e-01
 5.720333e-01   6.683026e-01
 5.808000e-01   6.488642e-01
 5.896333e-01   6.297490e-01
 5.985333e-01   6.109634e-01
 6.075000e-01   5.925131e-01
 6.165333e-01   5.744030e-01
 6.256333e-01   5.566375e-01
 6.348000e-01   5.392202e-01
 6.440333e-01   5.221542e-01
 6.533333e-01   5.054417e-01
 6.627000e-01   4.890848e-01
 6.721333e-01   4.730845e-01
 6.816333e-01   4.574417e-01
 6.912000e-01   4.421565e-01
 7.008333e-01   4.272286e-01
 7.105333e-01   4.126572e-01
 7.203000e-01   3.984411e-01
 7.301333e-01   3.845788e-01
 7.400333e-01   3.710681e-01
 7.500000e-01   3.579067e-01
 7.600333e-01   3.450918e-01
 7.701333e-01   3.326202e-01
 7.803000e-01   3.204887e-01
 7.905333e-01   3.086934e-01
 8.008333e-01   2.972305e-01
 8.112000e-01   2.860956e-01
 8.216333e-01   2.752845e-01
 8.321333e-01   2.647923e-01
 8.427000e-01   2.546144e-01
 8.533333e-01   2.447455e-01
 8.640333e-01   2.351806e-01
 8.748000e-01   2.259144e-01
 8.856333e-01   2.169413e-01
 8.965333e-01   2.082558e-01
 9.075000e-01   1.998523e-01
 9.185333e-01   1.917251e-01
 9.296333e-01   1.838683e-01
 9.408000e-01   1.762761e-01
 9.520333e-01   1.689426e-01
 9.633333e-01   1.618618e-01
 9.747000e-01   1.550278e-01
 9.861333e-01   1.484347e-01
 9.976333e-01   1.420765e-01
 1.009200e+00   1.359472e-01
 1.020833e+00   1.300410e-01
 1.032533e+00   1.243518e-01
 1.044300e+00   1.188740e-01
 1.056133e+00   1.136017e-01
 1.068033e+00   1.085290e-01
 1.080000e+00   1.036503e-01
 1.092033e+00   9.896000e-02
 1.104133e+00   9.445244e-02
 1.116300e+00   9.012214e-02
 1.128533e+00   8.596368e-02
 1.140833e+00   8.197172e-02
 1.153200e+00   7.814099e-02
 1.165633e+00   7.446633e-02
 1.178133e+00   7.094266e-02
 1.190700e+00   6.756500e-02
 1.203333e+00   6.432846e-02
 1.216033e+00   6.122825e-02
 1.228800e+00   5.825971e-02
 1.241633e+00   5.541823e-02
 1.254533e+00   5.269934e-02
 1.267500e+00   5.009867e-02
 1.280533e+00   4.761195e-02
 1.293633e+00   4.523501e-02
 1.306800e+00   4.296379e-02
 1.320033e+00   4.079435e-02
 1.333333e+00   3.872284e-02
 1.346700e+00   3.674551e-02
 1.360133e+00   3.485872e-02
 1.373633e+00   3.305895e-02
 1.387200e+00   3.134276e-02
 1.400833e+00   2.970683e-02
 1.414533e+00   2.814792e-02
 1.428300e+00   2.666290e-02
 1.442133e+00   2.524876e-02
 1.456033e+00   2.390255e-02
 1.470000e+00   2.262144e-02
 1.484033e+00   2.140268e-02
 1.498133e+00   2.024362e-02
 1.512300e+00   1.914170e-02
 1.526533e+00   1.809445e-02
 1.540833e+00   1.709947e-02
 1.555200e+00   1.615448e-02
 1.569633e+00   1.525724e-02
 1.584133e+00   1.440563e-02
 1.598700e+00   1.359759e-02
 1.613333e+00   1.283112e-02
 1.628033e+00   1.210434e-02
 1.642800e+00   1.141540e-02
 1.657633e+00   1.076255e-02
 1.672533e+00   1.014408e-02
 1.687500e+00   9.558388e-03
 1.702533e+00   9.003900e-03
 1.717633e+00   8.479124e-03
 1.732800e+00   7.982625e-03
 1.748033e+00   7.513028e-03
 1.763333e+00   7.069015e-03
 1.778700e+00   6.649325e-03
 1.794133e+00   6.252750e-03
 1.809633e+00   5.878135e-03
 1.825200e+00   5.524374e-03
 1.840833e+00   5.190411e-03
 1.856533e+00   4.875236e-03
 1.872300e+00   4.577886e-03
 1.888133e+00   4.297439e-03
 1.904033e+00   4.033016e-03
 1.920000e+00   3.783779e-03
 1.936033e+00   3.548929e-03
 1.952133e+00   3.327704e-03
 1.968300e+00   3.119377e-03
 1.984533e+00   2.923257e-03
 2.000833e+00   2.738685e-03
 2.017200e+00   2.565035e-03
 2.033633e+00   2.401710e-03
 2.050133e+00   2.248144e-03
 2.066700e+00   2.103797e-03
 2.083333e+00   1.968158e-03
 2.100033e+00   1.840740e-03
 2.116800e+00   1.721082e-03
 2.133633e+00   1.608744e-03
 2.150533e+00   1.503312e-03
 2.167500e+00   1.404390e-03
 2.184533e+00   1.311604e-03
 2.201633e+00   1.224601e-03
 2.218800e+00   1.143045e-03
 2.236033e+00   1.066618e-03
 2.253333e+00   9.950181e-04
 2.270700e+00   9.279615e-04
 2.288133e+00   8.651785e-04
 2.305633e+00   8.064144e-04
 2.323200e+00   7.514286e-04
 2.340833e+00   6.999933e-04
 2.358533e+00   6.518939e-04
 2.376300e+00   6.069272e-04
 2.394133e+00   5.649020e-04
 2.412033e+00   5.256373e-04
 2.430000e+00   4.889628e-04
 2.448033e+00   4.547178e-04
 2.466133e+00   4.227508e-04
 2.484300e+00   3.929191e-04
 2.502533e+00   3.650882e-04
 2.520833e+00   3.391316e-04
 2.539200e+00   3.149301e-04
 2.557633e+00   2.923717e-04
 2.576133e+00   2.713509e-04
 2.594700e+00   2.517685e-04
 2.613333e+00   2.335315e-04
 2.632033e+00   2.165522e-04
 2.650800e+00   2.007484e-04
 2.669633e+00   1.860429e-04
 2.688533e+00   1.723632e-04
 2.707500e+00   1.596411e-04
 2.726533e+00   1.478131e-04
 2.745633e+00   1.368190e-04
 2.764800e+00   1.266030e-04
 2.784033e+00   1.171123e-04
 2.803333e+00   1.082978e-04
 2.822700e+00   1.001131e-04
 2.842133e+00   9.251521e-05
 2.861633e+00   8.546355e-05
 2.881200e+00   7.892028e-05
 2.900833e+00   7.284995e-05
 2.920533e+00   6.721940e-05
 2.940300e+00   6.199763e-05
 2.960133e+00   5.715562e-05
 2.980033e+00   5.266627e-05
 3.000000e+00   4.850421e-05
