2023-04-21 20:50:54
Calculation of atomic orbitals for a central potential
Solving Schrodinger eq. by variable sptep-size Numerov method
Green-Sellin-Zachor potential
Z	N	H	D	L	E(a.u.)	  r_max(a.u.)	N. points
6	6	1.25	0.467	1	-0.1515	  15.0		300
Normalised radial wavefunction P(r)
 Format r(i), P(i) with r(i)=0.000166667*i^2
 1.666667e-04   1.652003e-01
 6.666667e-04   7.255395e-02
 1.500000e-03   3.296376e-02
 2.666667e-03   1.871427e-02
 4.166667e-03   1.211434e-02
 6.000000e-03   8.553364e-03
 8.166667e-03   6.444249e-03
 1.066667e-02   5.127775e-03
 1.350000e-02   4.293738e-03
 1.666667e-02   3.783525e-03
 2.016667e-02   3.511786e-03
 2.400000e-02   3.431599e-03
 2.816667e-02   3.517533e-03
 3.266667e-02   3.756777e-03
 3.750000e-02   4.144204e-03
 4.266667e-02   4.679450e-03
 4.816667e-02   5.365127e-03
 5.400000e-02   6.205645e-03
 6.016667e-02   7.206438e-03
 6.666667e-02   8.373407e-03
 7.350000e-02   9.712534e-03
 8.066667e-02   1.122959e-02
 8.816667e-02   1.292990e-02
 9.600000e-02   1.481823e-02
 1.041667e-01   1.689862e-02
 1.126667e-01   1.917431e-02
 1.215000e-01   2.164769e-02
 1.306667e-01   2.432026e-02
 1.401667e-01   2.719261e-02
 1.500000e-01   3.026443e-02
 1.601667e-01   3.353451e-02
 1.706667e-01   3.700076e-02
 1.815000e-01   4.066029e-02
 1.926667e-01   4.450938e-02
 2.041667e-01   4.854362e-02
 2.160000e-01   5.275790e-02
 2.281667e-01   5.714649e-02
 2.406667e-01   6.170314e-02
 2.535000e-01   6.642109e-02
 2.666667e-01   7.129318e-02
 2.801667e-01   7.631190e-02
 2.940000e-01   8.146945e-02
 3.081667e-01   8.675782e-02
 3.226667e-01   9.216886e-02
 3.375000e-01   9.769430e-02
 3.526667e-01   1.033258e-01
 3.681667e-01   1.090551e-01
 3.840000e-01   1.148740e-01
 4.001667e-01   1.207743e-01
 4.166667e-01   1.267480e-01
 4.335000e-01   1.327872e-01
 4.506667e-01   1.388844e-01
 4.681667e-01   1.450320e-01
 4.860000e-01   1.512230e-01
 5.041667e-01   1.574504e-01
 5.226667e-01   1.637075e-01
 5.415000e-01   1.699880e-01
 5.606667e-01   1.762857e-01
 5.801667e-01   1.825950e-01
 6.000000e-01   1.889103e-01
 6.201667e-01   1.952263e-01
 6.406667e-01   2.015382e-01
 6.615000e-01   2.078412e-01
 6.826667e-01   2.141309e-01
 7.041667e-01   2.204032e-01
 7.260000e-01   2.266541e-01
 7.481667e-01   2.328800e-01
 7.706667e-01   2.390773e-01
 7.935000e-01   2.452427e-01
 8.166667e-01   2.513733e-01
 8.401667e-01   2.574659e-01
 8.640000e-01   2.635179e-01
 8.881667e-01   2.695265e-01
 9.126667e-01   2.754894e-01
 9.375000e-01   2.814039e-01
 9.626667e-01   2.872680e-01
 9.881667e-01   2.930792e-01
 1.014000e+00   2.988354e-01
 1.040167e+00   3.045346e-01
 1.066667e+00   3.101747e-01
 1.093500e+00   3.157537e-01
 1.120667e+00   3.212695e-01
 1.148167e+00   3.267202e-01
 1.176000e+00   3.321039e-01
 1.204167e+00   3.374186e-01
 1.232667e+00   3.426623e-01
 1.261500e+00   3.478330e-01
 1.290667e+00   3.529289e-01
 1.320167e+00   3.579479e-01
 1.350000e+00   3.628880e-01
 1.380167e+00   3.677472e-01
 1.410667e+00   3.725235e-01
 1.441500e+00   3.772148e-01
 1.472667e+00   3.818190e-01
 1.504167e+00   3.863340e-01
 1.536000e+00   3.907578e-01
 1.568167e+00   3.950881e-01
 1.600667e+00   3.993229e-01
 1.633500e+00   4.034600e-01
 1.666667e+00   4.074972e-01
 1.700167e+00   4.114324e-01
 1.734000e+00   4.152635e-01
 1.768167e+00   4.189883e-01
 1.802667e+00   4.226046e-01
 1.837500e+00   4.261104e-01
 1.872667e+00   4.295036e-01
 1.908167e+00   4.327821e-01
 1.944000e+00   4.359438e-01
 1.980167e+00   4.389868e-01
 2.016667e+00   4.419092e-01
 2.053500e+00   4.447089e-01
 2.090667e+00   4.473843e-01
 2.128167e+00   4.499335e-01
 2.166000e+00   4.523548e-01
 2.204167e+00   4.546466e-01
 2.242667e+00   4.568073e-01
 2.281500e+00   4.588354e-01
 2.320667e+00   4.607296e-01
 2.360167e+00   4.624885e-01
 2.400000e+00   4.641109e-01
 2.440167e+00   4.655957e-01
 2.480667e+00   4.669419e-01
 2.521500e+00   4.681486e-01
 2.562667e+00   4.692151e-01
 2.604167e+00   4.701406e-01
 2.646000e+00   4.709246e-01
 2.688167e+00   4.715666e-01
 2.730667e+00   4.720664e-01
 2.773500e+00   4.724237e-01
 2.816667e+00   4.726384e-01
 2.860167e+00   4.727107e-01
 2.904000e+00   4.726406e-01
 2.948167e+00   4.724285e-01
 2.992667e+00   4.720748e-01
 3.037500e+00   4.715801e-01
 3.082667e+00   4.709450e-01
 3.128167e+00   4.701703e-01
 3.174000e+00   4.692569e-01
 3.220167e+00   4.682060e-01
 3.266667e+00   4.670186e-01
 3.313500e+00   4.656960e-01
 3.360667e+00   4.642398e-01
 3.408167e+00   4.626512e-01
 3.456000e+00   4.609321e-01
 3.504167e+00   4.590842e-01
 3.552667e+00   4.571092e-01
 3.601500e+00   4.550092e-01
 3.650667e+00   4.527862e-01
 3.700167e+00   4.504424e-01
 3.750000e+00   4.479799e-01
 3.800167e+00   4.454012e-01
 3.850667e+00   4.427087e-01
 3.901500e+00   4.399048e-01
 3.952667e+00   4.369922e-01
 4.004167e+00   4.339735e-01
 4.056000e+00   4.308514e-01
 4.108167e+00   4.276288e-01
 4.160667e+00   4.243085e-01
 4.213500e+00   4.208934e-01
 4.266667e+00   4.173865e-01
 4.320167e+00   4.137909e-01
 4.374000e+00   4.101095e-01
 4.428167e+00   4.063454e-01
 4.482667e+00   4.025019e-01
 4.537500e+00   3.985822e-01
 4.592667e+00   3.945893e-01
 4.648167e+00   3.905265e-01
 4.704000e+00   3.863971e-01
 4.760167e+00   3.822044e-01
 4.816667e+00   3.779515e-01
 4.873500e+00   3.736418e-01
 4.930667e+00   3.692785e-01
 4.988167e+00   3.648650e-01
 5.046000e+00   3.604044e-01
 5.104167e+00   3.559001e-01
 5.162667e+00   3.513553e-01
 5.221500e+00   3.467732e-01
 5.280667e+00   3.421570e-01
 5.340167e+00   3.375100e-01
 5.400000e+00   3.328352e-01
 5.460167e+00   3.281358e-01
 5.520667e+00   3.234149e-01
 5.581500e+00   3.186755e-01
 5.642667e+00   3.139207e-01
 5.704167e+00   3.091535e-01
 5.766000e+00   3.043767e-01
 5.828167e+00   2.995932e-01
 5.890667e+00   2.948060e-01
 5.953500e+00   2.900177e-01
 6.016667e+00   2.852311e-01
 6.080167e+00   2.804489e-01
 6.144000e+00   2.756737e-01
 6.208167e+00   2.709080e-01
 6.272667e+00   2.661543e-01
 6.337500e+00   2.614151e-01
 6.402667e+00   2.566928e-01
 6.468167e+00   2.519895e-01
 6.534000e+00   2.473077e-01
 6.600167e+00   2.426494e-01
 6.666667e+00   2.380167e-01
 6.733500e+00   2.334117e-01
 6.800667e+00   2.288363e-01
 6.868167e+00   2.242925e-01
 6.936000e+00   2.197820e-01
 7.004167e+00   2.153067e-01
 7.072667e+00   2.108681e-01
 7.141500e+00   2.064679e-01
 7.210667e+00   2.021077e-01
 7.280167e+00   1.977888e-01
 7.350000e+00   1.935128e-01
 7.420167e+00   1.892809e-01
 7.490667e+00   1.850943e-01
 7.561500e+00   1.809544e-01
 7.632667e+00   1.768622e-01
 7.704167e+00   1.728187e-01
 7.776000e+00   1.688249e-01
 7.848167e+00   1.648818e-01
 7.920667e+00   1.609902e-01
 7.993500e+00   1.571509e-01
 8.066667e+00   1.533646e-01
 8.140167e+00   1.496320e-01
 8.214000e+00   1.459536e-01
 8.288167e+00   1.423300e-01
 8.362667e+00   1.387618e-01
 8.437500e+00   1.352492e-01
 8.512667e+00   1.317927e-01
 8.588167e+00   1.283926e-01
 8.664000e+00   1.250490e-01
 8.740167e+00   1.217624e-01
 8.816667e+00   1.185326e-01
 8.893500e+00   1.153600e-01
 8.970667e+00   1.122444e-01
 9.048167e+00   1.091860e-01
 9.126000e+00   1.061846e-01
 9.204167e+00   1.032402e-01
 9.282667e+00   1.003526e-01
 9.361500e+00   9.752169e-02
 9.440667e+00   9.474723e-02
 9.520167e+00   9.202897e-02
 9.600000e+00   8.936660e-02
 9.680167e+00   8.675981e-02
 9.760667e+00   8.420824e-02
 9.841500e+00   8.171149e-02
 9.922667e+00   7.926914e-02
 1.000417e+01   7.688073e-02
 1.008600e+01   7.454579e-02
 1.016817e+01   7.226379e-02
 1.025067e+01   7.003422e-02
 1.033350e+01   6.785650e-02
 1.041667e+01   6.573006e-02
 1.050017e+01   6.365429e-02
 1.058400e+01   6.162857e-02
 1.066817e+01   5.965227e-02
 1.075267e+01   5.772472e-02
 1.083750e+01   5.584524e-02
 1.092267e+01   5.401316e-02
 1.100817e+01   5.222775e-02
 1.109400e+01   5.048831e-02
 1.118017e+01   4.879411e-02
 1.126667e+01   4.714442e-02
 1.135350e+01   4.553847e-02
 1.144067e+01   4.397553e-02
 1.152817e+01   4.245481e-02
 1.161600e+01   4.097557e-02
 1.170417e+01   3.953701e-02
 1.179267e+01   3.813836e-02
 1.188150e+01   3.677884e-02
 1.197067e+01   3.545766e-02
 1.206017e+01   3.417403e-02
 1.215000e+01   3.292716e-02
 1.224017e+01   3.171627e-02
 1.233067e+01   3.054056e-02
 1.242150e+01   2.939924e-02
 1.251267e+01   2.829153e-02
 1.260417e+01   2.721664e-02
 1.269600e+01   2.617378e-02
 1.278817e+01   2.516218e-02
 1.288067e+01   2.418105e-02
 1.297350e+01   2.322963e-02
 1.306667e+01   2.230714e-02
 1.316017e+01   2.141282e-02
 1.325400e+01   2.054591e-02
 1.334817e+01   1.970565e-02
 1.344267e+01   1.889130e-02
 1.353750e+01   1.810211e-02
 1.363267e+01   1.733734e-02
 1.372817e+01   1.659626e-02
 1.382400e+01   1.587815e-02
 1.392017e+01   1.518228e-02
 1.401667e+01   1.450795e-02
 1.411350e+01   1.385444e-02
 1.421067e+01   1.322105e-02
 1.430817e+01   1.260710e-02
 1.440600e+01   1.201188e-02
 1.450417e+01   1.143472e-02
 1.460267e+01   1.087494e-02
 1.470150e+01   1.033188e-02
 1.480067e+01   9.804851e-03
 1.490017e+01   9.293208e-03
 1.500000e+01   8.796291e-03
