2023-04-21 20:48:49
Calculation of atomic orbitals for a central potential
Solving Schrodinger eq. by variable sptep-size Numerov method
Green-Sellin-Zachor potential
Z	N	H	D	L	E(a.u.)	  r_max(a.u.)	N. points
6	6	1.25	0.467	0	-0.36	  9.0		300
Normalised radial wavefunction P(r)
 Format r(i), P(i) with r(i)=  0.0001*i^2
 1.000000e-04   2.198037e-04
 4.000000e-04  -1.016310e-03
 9.000000e-04  -3.070059e-03
 1.600000e-03  -5.928115e-03
 2.500000e-03  -9.570869e-03
 3.600000e-03  -1.397290e-02
 4.900000e-03  -1.910328e-02
 6.400000e-03  -2.492584e-02
 8.100000e-03  -3.139953e-02
 1.000000e-02  -3.847875e-02
 1.210000e-02  -4.611368e-02
 1.440000e-02  -5.425075e-02
 1.690000e-02  -6.283302e-02
 1.960000e-02  -7.180063e-02
 2.250000e-02  -8.109127e-02
 2.560000e-02  -9.064063e-02
 2.890000e-02  -1.003829e-01
 3.240000e-02  -1.102512e-01
 3.610000e-02  -1.201782e-01
 4.000000e-02  -1.300962e-01
 4.410000e-02  -1.399382e-01
 4.840000e-02  -1.496379e-01
 5.290000e-02  -1.591300e-01
 5.760000e-02  -1.683510e-01
 6.250000e-02  -1.772396e-01
 6.760000e-02  -1.857364e-01
 7.290000e-02  -1.937852e-01
 7.840000e-02  -2.013323e-01
 8.410000e-02  -2.083276e-01
 9.000000e-02  -2.147242e-01
 9.610000e-02  -2.204789e-01
 1.024000e-01  -2.255525e-01
 1.089000e-01  -2.299094e-01
 1.156000e-01  -2.335183e-01
 1.225000e-01  -2.363520e-01
 1.296000e-01  -2.383871e-01
 1.369000e-01  -2.396047e-01
 1.444000e-01  -2.399898e-01
 1.521000e-01  -2.395314e-01
 1.600000e-01  -2.382227e-01
 1.681000e-01  -2.360603e-01
 1.764000e-01  -2.330450e-01
 1.849000e-01  -2.291810e-01
 1.936000e-01  -2.244759e-01
 2.025000e-01  -2.189407e-01
 2.116000e-01  -2.125893e-01
 2.209000e-01  -2.054386e-01
 2.304000e-01  -1.975082e-01
 2.401000e-01  -1.888202e-01
 2.500000e-01  -1.793989e-01
 2.601000e-01  -1.692708e-01
 2.704000e-01  -1.584640e-01
 2.809000e-01  -1.470087e-01
 2.916000e-01  -1.349360e-01
 3.025000e-01  -1.222786e-01
 3.136000e-01  -1.090701e-01
 3.249000e-01  -9.534494e-02
 3.364000e-01  -8.113826e-02
 3.481000e-01  -6.648565e-02
 3.600000e-01  -5.142299e-02
 3.721000e-01  -3.598634e-02
 3.844000e-01  -2.021174e-02
 3.969000e-01  -4.135069e-03
 4.096000e-01   1.220805e-02
 4.225000e-01   2.878241e-02
 4.356000e-01   4.555331e-02
 4.489000e-01   6.248667e-02
 4.624000e-01   7.954912e-02
 4.761000e-01   9.670807e-02
 4.900000e-01   1.139318e-01
 5.041000e-01   1.311896e-01
 5.184000e-01   1.484515e-01
 5.329000e-01   1.656889e-01
 5.476000e-01   1.828740e-01
 5.625000e-01   1.999802e-01
 5.776000e-01   2.169822e-01
 5.929000e-01   2.338555e-01
 6.084000e-01   2.505770e-01
 6.241000e-01   2.671247e-01
 6.400000e-01   2.834779e-01
 6.561000e-01   2.996167e-01
 6.724000e-01   3.155229e-01
 6.889000e-01   3.311789e-01
 7.056000e-01   3.465685e-01
 7.225000e-01   3.616767e-01
 7.396000e-01   3.764894e-01
 7.569000e-01   3.909935e-01
 7.744000e-01   4.051773e-01
 7.921000e-01   4.190297e-01
 8.100000e-01   4.325407e-01
 8.281000e-01   4.457014e-01
 8.464000e-01   4.585036e-01
 8.649000e-01   4.709402e-01
 8.836000e-01   4.830047e-01
 9.025000e-01   4.946917e-01
 9.216000e-01   5.059962e-01
 9.409000e-01   5.169144e-01
 9.604000e-01   5.274428e-01
 9.801000e-01   5.375788e-01
 1.000000e+00   5.473205e-01
 1.020100e+00   5.566664e-01
 1.040400e+00   5.656158e-01
 1.060900e+00   5.741684e-01
 1.081600e+00   5.823245e-01
 1.102500e+00   5.900849e-01
 1.123600e+00   5.974509e-01
 1.144900e+00   6.044241e-01
 1.166400e+00   6.110067e-01
 1.188100e+00   6.172010e-01
 1.210000e+00   6.230101e-01
 1.232100e+00   6.284370e-01
 1.254400e+00   6.334853e-01
 1.276900e+00   6.381589e-01
 1.299600e+00   6.424618e-01
 1.322500e+00   6.463983e-01
 1.345600e+00   6.499732e-01
 1.368900e+00   6.531911e-01
 1.392400e+00   6.560571e-01
 1.416100e+00   6.585764e-01
 1.440000e+00   6.607545e-01
 1.464100e+00   6.625969e-01
 1.488400e+00   6.641092e-01
 1.512900e+00   6.652974e-01
 1.537600e+00   6.661673e-01
 1.562500e+00   6.667251e-01
 1.587600e+00   6.669770e-01
 1.612900e+00   6.669292e-01
 1.638400e+00   6.665880e-01
 1.664100e+00   6.659599e-01
 1.690000e+00   6.650514e-01
 1.716100e+00   6.638691e-01
 1.742400e+00   6.624194e-01
 1.768900e+00   6.607091e-01
 1.795600e+00   6.587448e-01
 1.822500e+00   6.565331e-01
 1.849600e+00   6.540809e-01
 1.876900e+00   6.513949e-01
 1.904400e+00   6.484817e-01
 1.932100e+00   6.453481e-01
 1.960000e+00   6.420009e-01
 1.988100e+00   6.384467e-01
 2.016400e+00   6.346924e-01
 2.044900e+00   6.307445e-01
 2.073600e+00   6.266098e-01
 2.102500e+00   6.222949e-01
 2.131600e+00   6.178064e-01
 2.160900e+00   6.131509e-01
 2.190400e+00   6.083350e-01
 2.220100e+00   6.033652e-01
 2.250000e+00   5.982479e-01
 2.280100e+00   5.929895e-01
 2.310400e+00   5.875964e-01
 2.340900e+00   5.820749e-01
 2.371600e+00   5.764312e-01
 2.402500e+00   5.706715e-01
 2.433600e+00   5.648019e-01
 2.464900e+00   5.588284e-01
 2.496400e+00   5.527571e-01
 2.528100e+00   5.465938e-01
 2.560000e+00   5.403443e-01
 2.592100e+00   5.340143e-01
 2.624400e+00   5.276096e-01
 2.656900e+00   5.211356e-01
 2.689600e+00   5.145980e-01
 2.722500e+00   5.080020e-01
 2.755600e+00   5.013529e-01
 2.788900e+00   4.946561e-01
 2.822400e+00   4.879165e-01
 2.856100e+00   4.811392e-01
 2.890000e+00   4.743292e-01
 2.924100e+00   4.674912e-01
 2.958400e+00   4.606300e-01
 2.992900e+00   4.537502e-01
 3.027600e+00   4.468562e-01
 3.062500e+00   4.399526e-01
 3.097600e+00   4.330435e-01
 3.132900e+00   4.261333e-01
 3.168400e+00   4.192258e-01
 3.204100e+00   4.123253e-01
 3.240000e+00   4.054354e-01
 3.276100e+00   3.985600e-01
 3.312400e+00   3.917027e-01
 3.348900e+00   3.848670e-01
 3.385600e+00   3.780564e-01
 3.422500e+00   3.712742e-01
 3.459600e+00   3.645235e-01
 3.496900e+00   3.578075e-01
 3.534400e+00   3.511291e-01
 3.572100e+00   3.444912e-01
 3.610000e+00   3.378966e-01
 3.648100e+00   3.313479e-01
 3.686400e+00   3.248476e-01
 3.724900e+00   3.183982e-01
 3.763600e+00   3.120021e-01
 3.802500e+00   3.056613e-01
 3.841600e+00   2.993781e-01
 3.880900e+00   2.931545e-01
 3.920400e+00   2.869923e-01
 3.960100e+00   2.808934e-01
 4.000000e+00   2.748594e-01
 4.040100e+00   2.688920e-01
 4.080400e+00   2.629927e-01
 4.120900e+00   2.571628e-01
 4.161600e+00   2.514038e-01
 4.202500e+00   2.457168e-01
 4.243600e+00   2.401030e-01
 4.284900e+00   2.345633e-01
 4.326400e+00   2.290988e-01
 4.368100e+00   2.237103e-01
 4.410000e+00   2.183986e-01
 4.452100e+00   2.131643e-01
 4.494400e+00   2.080082e-01
 4.536900e+00   2.029308e-01
 4.579600e+00   1.979324e-01
 4.622500e+00   1.930136e-01
 4.665600e+00   1.881746e-01
 4.708900e+00   1.834156e-01
 4.752400e+00   1.787368e-01
 4.796100e+00   1.741385e-01
 4.840000e+00   1.696204e-01
 4.884100e+00   1.651828e-01
 4.928400e+00   1.608254e-01
 4.972900e+00   1.565482e-01
 5.017600e+00   1.523509e-01
 5.062500e+00   1.482334e-01
 5.107600e+00   1.441952e-01
 5.152900e+00   1.402361e-01
 5.198400e+00   1.363556e-01
 5.244100e+00   1.325534e-01
 5.290000e+00   1.288288e-01
 5.336100e+00   1.251814e-01
 5.382400e+00   1.216106e-01
 5.428900e+00   1.181159e-01
 5.475600e+00   1.146964e-01
 5.522500e+00   1.113516e-01
 5.569600e+00   1.080808e-01
 5.616900e+00   1.048831e-01
 5.664400e+00   1.017579e-01
 5.712100e+00   9.870424e-02
 5.760000e+00   9.572140e-02
 5.808100e+00   9.280848e-02
 5.856400e+00   8.996461e-02
 5.904900e+00   8.718890e-02
 5.953600e+00   8.448042e-02
 6.002500e+00   8.183825e-02
 6.051600e+00   7.926143e-02
 6.100900e+00   7.674899e-02
 6.150400e+00   7.429997e-02
 6.200100e+00   7.191336e-02
 6.250000e+00   6.958818e-02
 6.300100e+00   6.732340e-02
 6.350400e+00   6.511801e-02
 6.400900e+00   6.297098e-02
 6.451600e+00   6.088129e-02
 6.502500e+00   5.884790e-02
 6.553600e+00   5.686978e-02
 6.604900e+00   5.494587e-02
 6.656400e+00   5.307514e-02
 6.708100e+00   5.125655e-02
 6.760000e+00   4.948906e-02
 6.812100e+00   4.777163e-02
 6.864400e+00   4.610321e-02
 6.916900e+00   4.448278e-02
 6.969600e+00   4.290931e-02
 7.022500e+00   4.138176e-02
 7.075600e+00   3.989913e-02
 7.128900e+00   3.846039e-02
 7.182400e+00   3.706454e-02
 7.236100e+00   3.571058e-02
 7.290000e+00   3.439752e-02
 7.344100e+00   3.312436e-02
 7.398400e+00   3.189015e-02
 7.452900e+00   3.069390e-02
 7.507600e+00   2.953467e-02
 7.562500e+00   2.841151e-02
 7.617600e+00   2.732348e-02
 7.672900e+00   2.626966e-02
 7.728400e+00   2.524913e-02
 7.784100e+00   2.426099e-02
 7.840000e+00   2.330434e-02
 7.896100e+00   2.237831e-02
 7.952400e+00   2.148203e-02
 8.008900e+00   2.061463e-02
 8.065600e+00   1.977528e-02
 8.122500e+00   1.896314e-02
 8.179600e+00   1.817738e-02
 8.236900e+00   1.741720e-02
 8.294400e+00   1.668181e-02
 8.352100e+00   1.597040e-02
 8.410000e+00   1.528222e-02
 8.468100e+00   1.461649e-02
 8.526400e+00   1.397246e-02
 8.584900e+00   1.334940e-02
 8.643600e+00   1.274658e-02
 8.702500e+00   1.216327e-02
 8.761600e+00   1.159878e-02
 8.820900e+00   1.105239e-02
 8.880400e+00   1.052344e-02
 8.940100e+00   1.001123e-02
 9.000000e+00   9.515107e-03
