2023-04-21 16:44:33
Calculation of atomic orbitals for a central potential
Solving Schrodinger eq. by variable sptep-size Numerov method
S. del Rio potential
Z	A	a1	a2	L	E(a.u.)	  r_max(a.u.)	N. points
26	0.632	1.726	9.05	0	-258.0	  0.4		300
Normalised radial wavefunction P(r)
 Format r(i), P(i) with r(i)=4.44444e-06*i^2
 4.444444e-06   4.310678e-03
 1.777778e-05   7.877171e-03
 4.000000e-05   1.381239e-02
 7.111111e-05   2.210658e-02
 1.111111e-04   3.274713e-02
 1.600000e-04   4.571837e-02
 2.177778e-04   6.100147e-02
 2.844444e-04   7.857442e-02
 3.600000e-04   9.841210e-02
 4.444444e-04   1.204862e-01
 5.377778e-04   1.447655e-01
 6.400000e-04   1.712156e-01
 7.511111e-04   1.997992e-01
 8.711111e-04   2.304761e-01
 1.000000e-03   2.632031e-01
 1.137778e-03   2.979346e-01
 1.284444e-03   3.346219e-01
 1.440000e-03   3.732140e-01
 1.604444e-03   4.136573e-01
 1.777778e-03   4.558957e-01
 1.960000e-03   4.998708e-01
 2.151111e-03   5.455221e-01
 2.351111e-03   5.927869e-01
 2.560000e-03   6.416004e-01
 2.777778e-03   6.918961e-01
 3.004444e-03   7.436056e-01
 3.240000e-03   7.966588e-01
 3.484444e-03   8.509840e-01
 3.737778e-03   9.065083e-01
 4.000000e-03   9.631573e-01
 4.271111e-03   1.020856e+00
 4.551111e-03   1.079526e+00
 4.840000e-03   1.139092e+00
 5.137778e-03   1.199475e+00
 5.444444e-03   1.260595e+00
 5.760000e-03   1.322374e+00
 6.084444e-03   1.384731e+00
 6.417778e-03   1.447586e+00
 6.760000e-03   1.510858e+00
 7.111111e-03   1.574468e+00
 7.471111e-03   1.638334e+00
 7.840000e-03   1.702377e+00
 8.217778e-03   1.766517e+00
 8.604444e-03   1.830674e+00
 9.000000e-03   1.894769e+00
 9.404444e-03   1.958725e+00
 9.817778e-03   2.022465e+00
 1.024000e-02   2.085911e+00
 1.067111e-02   2.148988e+00
 1.111111e-02   2.211623e+00
 1.156000e-02   2.273742e+00
 1.201778e-02   2.335273e+00
 1.248444e-02   2.396146e+00
 1.296000e-02   2.456293e+00
 1.344444e-02   2.515647e+00
 1.393778e-02   2.574141e+00
 1.444000e-02   2.631712e+00
 1.495111e-02   2.688298e+00
 1.547111e-02   2.743840e+00
 1.600000e-02   2.798280e+00
 1.653778e-02   2.851561e+00
 1.708444e-02   2.903630e+00
 1.764000e-02   2.954436e+00
 1.820444e-02   3.003928e+00
 1.877778e-02   3.052060e+00
 1.936000e-02   3.098787e+00
 1.995111e-02   3.144066e+00
 2.055111e-02   3.187858e+00
 2.116000e-02   3.230124e+00
 2.177778e-02   3.270829e+00
 2.240444e-02   3.309941e+00
 2.304000e-02   3.347429e+00
 2.368444e-02   3.383264e+00
 2.433778e-02   3.417422e+00
 2.500000e-02   3.449880e+00
 2.567111e-02   3.480616e+00
 2.635111e-02   3.509612e+00
 2.704000e-02   3.536854e+00
 2.773778e-02   3.562327e+00
 2.844444e-02   3.586020e+00
 2.916000e-02   3.607926e+00
 2.988444e-02   3.628037e+00
 3.061778e-02   3.646351e+00
 3.136000e-02   3.662865e+00
 3.211111e-02   3.677580e+00
 3.287111e-02   3.690499e+00
 3.364000e-02   3.701627e+00
 3.441778e-02   3.710971e+00
 3.520444e-02   3.718541e+00
 3.600000e-02   3.724347e+00
 3.680444e-02   3.728403e+00
 3.761778e-02   3.730724e+00
 3.844000e-02   3.731326e+00
 3.927111e-02   3.730229e+00
 4.011111e-02   3.727453e+00
 4.096000e-02   3.723020e+00
 4.181778e-02   3.716954e+00
 4.268444e-02   3.709280e+00
 4.356000e-02   3.700025e+00
 4.444444e-02   3.689216e+00
 4.533778e-02   3.676883e+00
 4.624000e-02   3.663057e+00
 4.715111e-02   3.647770e+00
 4.807111e-02   3.631055e+00
 4.900000e-02   3.612945e+00
 4.993778e-02   3.593475e+00
 5.088444e-02   3.572682e+00
 5.184000e-02   3.550602e+00
 5.280444e-02   3.527272e+00
 5.377778e-02   3.502732e+00
 5.476000e-02   3.477018e+00
 5.575111e-02   3.450172e+00
 5.675111e-02   3.422232e+00
 5.776000e-02   3.393238e+00
 5.877778e-02   3.363232e+00
 5.980444e-02   3.332254e+00
 6.084000e-02   3.300346e+00
 6.188444e-02   3.267548e+00
 6.293778e-02   3.233901e+00
 6.400000e-02   3.199448e+00
 6.507111e-02   3.164230e+00
 6.615111e-02   3.128287e+00
 6.724000e-02   3.091660e+00
 6.833778e-02   3.054392e+00
 6.944444e-02   3.016523e+00
 7.056000e-02   2.978092e+00
 7.168444e-02   2.939140e+00
 7.281778e-02   2.899707e+00
 7.396000e-02   2.859833e+00
 7.511111e-02   2.819555e+00
 7.627111e-02   2.778912e+00
 7.744000e-02   2.737942e+00
 7.861778e-02   2.696683e+00
 7.980444e-02   2.655171e+00
 8.100000e-02   2.613441e+00
 8.220444e-02   2.571529e+00
 8.341778e-02   2.529470e+00
 8.464000e-02   2.487297e+00
 8.587111e-02   2.445043e+00
 8.711111e-02   2.402741e+00
 8.836000e-02   2.360423e+00
 8.961778e-02   2.318118e+00
 9.088444e-02   2.275857e+00
 9.216000e-02   2.233669e+00
 9.344444e-02   2.191582e+00
 9.473778e-02   2.149623e+00
 9.604000e-02   2.107818e+00
 9.735111e-02   2.066194e+00
 9.867111e-02   2.024774e+00
 1.000000e-01   1.983582e+00
 1.013378e-01   1.942641e+00
 1.026844e-01   1.901973e+00
 1.040400e-01   1.861599e+00
 1.054044e-01   1.821539e+00
 1.067778e-01   1.781812e+00
 1.081600e-01   1.742437e+00
 1.095511e-01   1.703430e+00
 1.109511e-01   1.664808e+00
 1.123600e-01   1.626587e+00
 1.137778e-01   1.588781e+00
 1.152044e-01   1.551405e+00
 1.166400e-01   1.514471e+00
 1.180844e-01   1.477992e+00
 1.195378e-01   1.441979e+00
 1.210000e-01   1.406442e+00
 1.224711e-01   1.371391e+00
 1.239511e-01   1.336835e+00
 1.254400e-01   1.302782e+00
 1.269378e-01   1.269241e+00
 1.284444e-01   1.236216e+00
 1.299600e-01   1.203715e+00
 1.314844e-01   1.171742e+00
 1.330178e-01   1.140303e+00
 1.345600e-01   1.109401e+00
 1.361111e-01   1.079039e+00
 1.376711e-01   1.049220e+00
 1.392400e-01   1.019946e+00
 1.408178e-01   9.912191e-01
 1.424044e-01   9.630392e-01
 1.440000e-01   9.354071e-01
 1.456044e-01   9.083224e-01
 1.472178e-01   8.817846e-01
 1.488400e-01   8.557923e-01
 1.504711e-01   8.303440e-01
 1.521111e-01   8.054375e-01
 1.537600e-01   7.810702e-01
 1.554178e-01   7.572392e-01
 1.570844e-01   7.339411e-01
 1.587600e-01   7.111722e-01
 1.604444e-01   6.889284e-01
 1.621378e-01   6.672052e-01
 1.638400e-01   6.459980e-01
 1.655511e-01   6.253016e-01
 1.672711e-01   6.051108e-01
 1.690000e-01   5.854200e-01
 1.707378e-01   5.662233e-01
 1.724844e-01   5.475147e-01
 1.742400e-01   5.292878e-01
 1.760044e-01   5.115363e-01
 1.777778e-01   4.942534e-01
 1.795600e-01   4.774323e-01
 1.813511e-01   4.610660e-01
 1.831511e-01   4.451475e-01
 1.849600e-01   4.296695e-01
 1.867778e-01   4.146246e-01
 1.886044e-01   4.000053e-01
 1.904400e-01   3.858042e-01
 1.922844e-01   3.720137e-01
 1.941378e-01   3.586260e-01
 1.960000e-01   3.456336e-01
 1.978711e-01   3.330285e-01
 1.997511e-01   3.208032e-01
 2.016400e-01   3.089496e-01
 2.035378e-01   2.974602e-01
 2.054444e-01   2.863270e-01
 2.073600e-01   2.755424e-01
 2.092844e-01   2.650985e-01
 2.112178e-01   2.549876e-01
 2.131600e-01   2.452020e-01
 2.151111e-01   2.357340e-01
 2.170711e-01   2.265762e-01
 2.190400e-01   2.177208e-01
 2.210178e-01   2.091604e-01
 2.230044e-01   2.008877e-01
 2.250000e-01   1.928953e-01
 2.270044e-01   1.851758e-01
 2.290178e-01   1.777222e-01
 2.310400e-01   1.705274e-01
 2.330711e-01   1.635843e-01
 2.351111e-01   1.568860e-01
 2.371600e-01   1.504258e-01
 2.392178e-01   1.441970e-01
 2.412844e-01   1.381929e-01
 2.433600e-01   1.324071e-01
 2.454444e-01   1.268331e-01
 2.475378e-01   1.214648e-01
 2.496400e-01   1.162960e-01
 2.517511e-01   1.113206e-01
 2.538711e-01   1.065327e-01
 2.560000e-01   1.019265e-01
 2.581378e-01   9.749633e-02
 2.602844e-01   9.323663e-02
 2.624400e-01   8.914196e-02
 2.646044e-01   8.520696e-02
 2.667778e-01   8.142645e-02
 2.689600e-01   7.779533e-02
 2.711511e-01   7.430864e-02
 2.733511e-01   7.096151e-02
 2.755600e-01   6.774923e-02
 2.777778e-01   6.466718e-02
 2.800044e-01   6.171085e-02
 2.822400e-01   5.887587e-02
 2.844844e-01   5.615798e-02
 2.867378e-01   5.355301e-02
 2.890000e-01   5.105693e-02
 2.912711e-01   4.866581e-02
 2.935511e-01   4.637582e-02
 2.958400e-01   4.418327e-02
 2.981378e-01   4.208454e-02
 3.004444e-01   4.007613e-02
 3.027600e-01   3.815465e-02
 3.050844e-01   3.631680e-02
 3.074178e-01   3.455939e-02
 3.097600e-01   3.287932e-02
 3.121111e-01   3.127359e-02
 3.144711e-01   2.973930e-02
 3.168400e-01   2.827363e-02
 3.192178e-01   2.687387e-02
 3.216044e-01   2.553737e-02
 3.240000e-01   2.426160e-02
 3.264044e-01   2.304408e-02
 3.288178e-01   2.188245e-02
 3.312400e-01   2.077440e-02
 3.336711e-01   1.971771e-02
 3.361111e-01   1.871024e-02
 3.385600e-01   1.774992e-02
 3.410178e-01   1.683476e-02
 3.434844e-01   1.596283e-02
 3.459600e-01   1.513229e-02
 3.484444e-01   1.434134e-02
 3.509378e-01   1.358826e-02
 3.534400e-01   1.287140e-02
 3.559511e-01   1.218915e-02
 3.584711e-01   1.153998e-02
 3.610000e-01   1.092241e-02
 3.635378e-01   1.033502e-02
 3.660844e-01   9.776442e-03
 3.686400e-01   9.245356e-03
 3.712044e-01   8.740498e-03
 3.737778e-01   8.260653e-03
 3.763600e-01   7.804653e-03
 3.789511e-01   7.371375e-03
 3.815511e-01   6.959741e-03
 3.841600e-01   6.568716e-03
 3.867778e-01   6.197306e-03
 3.894044e-01   5.844556e-03
 3.920400e-01   5.509550e-03
 3.946844e-01   5.191408e-03
 3.973378e-01   4.889287e-03
 4.000000e-01   4.602374e-03
