2023-04-21 16:45:24
Calculation of atomic orbitals for a central potential
Solving Schrodinger eq. by variable sptep-size Numerov method
S. del Rio potential
Z	A	a1	a2	L	E(a.u.)	  r_max(a.u.)	N. points
26	0.632	1.726	9.05	1	-23.8	  1.5		300
Normalised radial wavefunction P(r)
 Format r(i), P(i) with r(i)=1.66667e-05*i^2
 1.666667e-05   2.143540e-01
 6.666667e-05   9.401855e-02
 1.500000e-04   4.260378e-02
 2.666667e-04   2.410815e-02
 4.166667e-04   1.556145e-02
 6.000000e-04   1.098342e-02
 8.166667e-04   8.322423e-03
 1.066667e-03   6.733732e-03
 1.350000e-03   5.827713e-03
 1.666667e-03   5.413401e-03
 2.016667e-03   5.396760e-03
 2.400000e-03   5.735430e-03
 2.816667e-03   6.416699e-03
 3.266667e-03   7.445945e-03
 3.750000e-03   8.840166e-03
 4.266667e-03   1.062413e-02
 4.816667e-03   1.282797e-02
 5.400000e-03   1.548554e-02
 6.016667e-03   1.863331e-02
 6.666667e-03   2.230950e-02
 7.350000e-03   2.655342e-02
 8.066667e-03   3.140494e-02
 8.816667e-03   3.690400e-02
 9.600000e-03   4.309021e-02
 1.041667e-02   5.000251e-02
 1.126667e-02   5.767876e-02
 1.215000e-02   6.615552e-02
 1.306667e-02   7.546769e-02
 1.401667e-02   8.564828e-02
 1.500000e-02   9.672813e-02
 1.601667e-02   1.087357e-01
 1.706667e-02   1.216969e-01
 1.815000e-02   1.356348e-01
 1.926667e-02   1.505694e-01
 2.041667e-02   1.665178e-01
 2.160000e-02   1.834936e-01
 2.281667e-02   2.015071e-01
 2.406667e-02   2.205652e-01
 2.535000e-02   2.406711e-01
 2.666667e-02   2.618244e-01
 2.801667e-02   2.840209e-01
 2.940000e-02   3.072530e-01
 3.081667e-02   3.315091e-01
 3.226667e-02   3.567741e-01
 3.375000e-02   3.830291e-01
 3.526667e-02   4.102516e-01
 3.681667e-02   4.384157e-01
 3.840000e-02   4.674919e-01
 4.001667e-02   4.974474e-01
 4.166667e-02   5.282461e-01
 4.335000e-02   5.598489e-01
 4.506667e-02   5.922136e-01
 4.681667e-02   6.252953e-01
 4.860000e-02   6.590462e-01
 5.041667e-02   6.934164e-01
 5.226667e-02   7.283533e-01
 5.415000e-02   7.638025e-01
 5.606667e-02   7.997075e-01
 5.801667e-02   8.360101e-01
 6.000000e-02   8.726507e-01
 6.201667e-02   9.095684e-01
 6.406667e-02   9.467011e-01
 6.615000e-02   9.839858e-01
 6.826667e-02   1.021359e+00
 7.041667e-02   1.058757e+00
 7.260000e-02   1.096115e+00
 7.481667e-02   1.133369e+00
 7.706667e-02   1.170455e+00
 7.935000e-02   1.207309e+00
 8.166667e-02   1.243868e+00
 8.401667e-02   1.280070e+00
 8.640000e-02   1.315852e+00
 8.881667e-02   1.351156e+00
 9.126667e-02   1.385922e+00
 9.375000e-02   1.420091e+00
 9.626667e-02   1.453609e+00
 9.881667e-02   1.486420e+00
 1.014000e-01   1.518473e+00
 1.040167e-01   1.549717e+00
 1.066667e-01   1.580103e+00
 1.093500e-01   1.609586e+00
 1.120667e-01   1.638121e+00
 1.148167e-01   1.665667e+00
 1.176000e-01   1.692186e+00
 1.204167e-01   1.717639e+00
 1.232667e-01   1.741995e+00
 1.261500e-01   1.765220e+00
 1.290667e-01   1.787287e+00
 1.320167e-01   1.808170e+00
 1.350000e-01   1.827844e+00
 1.380167e-01   1.846290e+00
 1.410667e-01   1.863489e+00
 1.441500e-01   1.879426e+00
 1.472667e-01   1.894089e+00
 1.504167e-01   1.907467e+00
 1.536000e-01   1.919552e+00
 1.568167e-01   1.930341e+00
 1.600667e-01   1.939831e+00
 1.633500e-01   1.948021e+00
 1.666667e-01   1.954914e+00
 1.700167e-01   1.960515e+00
 1.734000e-01   1.964832e+00
 1.768167e-01   1.967873e+00
 1.802667e-01   1.969649e+00
 1.837500e-01   1.970175e+00
 1.872667e-01   1.969466e+00
 1.908167e-01   1.967539e+00
 1.944000e-01   1.964413e+00
 1.980167e-01   1.960108e+00
 2.016667e-01   1.954648e+00
 2.053500e-01   1.948056e+00
 2.090667e-01   1.940358e+00
 2.128167e-01   1.931580e+00
 2.166000e-01   1.921749e+00
 2.204167e-01   1.910896e+00
 2.242667e-01   1.899050e+00
 2.281500e-01   1.886241e+00
 2.320667e-01   1.872503e+00
 2.360167e-01   1.857867e+00
 2.400000e-01   1.842366e+00
 2.440167e-01   1.826035e+00
 2.480667e-01   1.808908e+00
 2.521500e-01   1.791020e+00
 2.562667e-01   1.772405e+00
 2.604167e-01   1.753099e+00
 2.646000e-01   1.733138e+00
 2.688167e-01   1.712557e+00
 2.730667e-01   1.691391e+00
 2.773500e-01   1.669676e+00
 2.816667e-01   1.647448e+00
 2.860167e-01   1.624742e+00
 2.904000e-01   1.601592e+00
 2.948167e-01   1.578033e+00
 2.992667e-01   1.554100e+00
 3.037500e-01   1.529826e+00
 3.082667e-01   1.505245e+00
 3.128167e-01   1.480389e+00
 3.174000e-01   1.455291e+00
 3.220167e-01   1.429982e+00
 3.266667e-01   1.404493e+00
 3.313500e-01   1.378855e+00
 3.360667e-01   1.353096e+00
 3.408167e-01   1.327247e+00
 3.456000e-01   1.301335e+00
 3.504167e-01   1.275387e+00
 3.552667e-01   1.249429e+00
 3.601500e-01   1.223488e+00
 3.650667e-01   1.197587e+00
 3.700167e-01   1.171752e+00
 3.750000e-01   1.146004e+00
 3.800167e-01   1.120366e+00
 3.850667e-01   1.094858e+00
 3.901500e-01   1.069502e+00
 3.952667e-01   1.044317e+00
 4.004167e-01   1.019320e+00
 4.056000e-01   9.945306e-01
 4.108167e-01   9.699641e-01
 4.160667e-01   9.456367e-01
 4.213500e-01   9.215631e-01
 4.266667e-01   8.977575e-01
 4.320167e-01   8.742329e-01
 4.374000e-01   8.510016e-01
 4.428167e-01   8.280751e-01
 4.482667e-01   8.054640e-01
 4.537500e-01   7.831780e-01
 4.592667e-01   7.612261e-01
 4.648167e-01   7.396166e-01
 4.704000e-01   7.183569e-01
 4.760167e-01   6.974537e-01
 4.816667e-01   6.769130e-01
 4.873500e-01   6.567400e-01
 4.930667e-01   6.369393e-01
 4.988167e-01   6.175149e-01
 5.046000e-01   5.984701e-01
 5.104167e-01   5.798074e-01
 5.162667e-01   5.615290e-01
 5.221500e-01   5.436363e-01
 5.280667e-01   5.261303e-01
 5.340167e-01   5.090115e-01
 5.400000e-01   4.922796e-01
 5.460167e-01   4.759341e-01
 5.520667e-01   4.599740e-01
 5.581500e-01   4.443977e-01
 5.642667e-01   4.292034e-01
 5.704167e-01   4.143887e-01
 5.766000e-01   3.999511e-01
 5.828167e-01   3.858873e-01
 5.890667e-01   3.721941e-01
 5.953500e-01   3.588678e-01
 6.016667e-01   3.459045e-01
 6.080167e-01   3.332998e-01
 6.144000e-01   3.210493e-01
 6.208167e-01   3.091482e-01
 6.272667e-01   2.975917e-01
 6.337500e-01   2.863745e-01
 6.402667e-01   2.754914e-01
 6.468167e-01   2.649369e-01
 6.534000e-01   2.547054e-01
 6.600167e-01   2.447910e-01
 6.666667e-01   2.351880e-01
 6.733500e-01   2.258903e-01
 6.800667e-01   2.168920e-01
 6.868167e-01   2.081868e-01
 6.936000e-01   1.997686e-01
 7.004167e-01   1.916312e-01
 7.072667e-01   1.837683e-01
 7.141500e-01   1.761735e-01
 7.210667e-01   1.688407e-01
 7.280167e-01   1.617634e-01
 7.350000e-01   1.549354e-01
 7.420167e-01   1.483505e-01
 7.490667e-01   1.420023e-01
 7.561500e-01   1.358847e-01
 7.632667e-01   1.299914e-01
 7.704167e-01   1.243163e-01
 7.776000e-01   1.188535e-01
 7.848167e-01   1.135967e-01
 7.920667e-01   1.085402e-01
 7.993500e-01   1.036780e-01
 8.066667e-01   9.900433e-02
 8.140167e-01   9.451350e-02
 8.214000e-01   9.019988e-02
 8.288167e-01   8.605793e-02
 8.362667e-01   8.208222e-02
 8.437500e-01   7.826739e-02
 8.512667e-01   7.460821e-02
 8.588167e-01   7.109954e-02
 8.664000e-01   6.773634e-02
 8.740167e-01   6.451367e-02
 8.816667e-01   6.142672e-02
 8.893500e-01   5.847075e-02
 8.970667e-01   5.564117e-02
 9.048167e-01   5.293347e-02
 9.126000e-01   5.034326e-02
 9.204167e-01   4.786627e-02
 9.282667e-01   4.549832e-02
 9.361500e-01   4.323536e-02
 9.440667e-01   4.107343e-02
 9.520167e-01   3.900870e-02
 9.600000e-01   3.703743e-02
 9.680167e-01   3.515599e-02
 9.760667e-01   3.336087e-02
 9.841500e-01   3.164866e-02
 9.922667e-01   3.001603e-02
 1.000417e+00   2.845978e-02
 1.008600e+00   2.697681e-02
 1.016817e+00   2.556410e-02
 1.025067e+00   2.421875e-02
 1.033350e+00   2.293795e-02
 1.041667e+00   2.171897e-02
 1.050017e+00   2.055918e-02
 1.058400e+00   1.945606e-02
 1.066817e+00   1.840714e-02
 1.075267e+00   1.741008e-02
 1.083750e+00   1.646260e-02
 1.092267e+00   1.556249e-02
 1.100817e+00   1.470766e-02
 1.109400e+00   1.389606e-02
 1.118017e+00   1.312574e-02
 1.126667e+00   1.239482e-02
 1.135350e+00   1.170148e-02
 1.144067e+00   1.104399e-02
 1.152817e+00   1.042068e-02
 1.161600e+00   9.829946e-03
 1.170417e+00   9.270244e-03
 1.179267e+00   8.740100e-03
 1.188150e+00   8.238099e-03
 1.197067e+00   7.762882e-03
 1.206017e+00   7.313151e-03
 1.215000e+00   6.887659e-03
 1.224017e+00   6.485214e-03
 1.233067e+00   6.104677e-03
 1.242150e+00   5.744955e-03
 1.251267e+00   5.405005e-03
 1.260417e+00   5.083829e-03
 1.269600e+00   4.780476e-03
 1.278817e+00   4.494035e-03
 1.288067e+00   4.223636e-03
 1.297350e+00   3.968452e-03
 1.306667e+00   3.727690e-03
 1.316017e+00   3.500596e-03
 1.325400e+00   3.286452e-03
 1.334817e+00   3.084571e-03
 1.344267e+00   2.894300e-03
 1.353750e+00   2.715019e-03
 1.363267e+00   2.546134e-03
 1.372817e+00   2.387083e-03
 1.382400e+00   2.237329e-03
 1.392017e+00   2.096363e-03
 1.401667e+00   1.963700e-03
 1.411350e+00   1.838879e-03
 1.421067e+00   1.721462e-03
 1.430817e+00   1.611033e-03
 1.440600e+00   1.507199e-03
 1.450417e+00   1.409582e-03
 1.460267e+00   1.317828e-03
 1.470150e+00   1.231599e-03
 1.480067e+00   1.150573e-03
 1.490017e+00   1.074447e-03
 1.500000e+00   1.002933e-03
