2023-04-21 16:45:04
Calculation of atomic orbitals for a central potential
Solving Schrodinger eq. by variable sptep-size Numerov method
S. del Rio potential
Z	A	a1	a2	L	E(a.u.)	  r_max(a.u.)	N. points
26	0.632	1.726	9.05	0	-28.5	  1.5		300
Normalised radial wavefunction P(r)
 Format r(i), P(i) with r(i)=1.66667e-05*i^2
 1.666667e-05  -2.686508e-03
 6.666667e-05  -6.591610e-03
 1.500000e-04  -1.307159e-02
 2.666667e-04  -2.208980e-02
 4.166667e-04  -3.359702e-02
 6.000000e-04  -4.753117e-02
 8.166667e-04  -6.381750e-02
 1.066667e-03  -8.236897e-02
 1.350000e-03  -1.030866e-01
 1.666667e-03  -1.258600e-01
 2.016667e-03  -1.505680e-01
 2.400000e-03  -1.770790e-01
 2.816667e-03  -2.052521e-01
 3.266667e-03  -2.349374e-01
 3.750000e-03  -2.659770e-01
 4.266667e-03  -2.982056e-01
 4.816667e-03  -3.314517e-01
 5.400000e-03  -3.655381e-01
 6.016667e-03  -4.002829e-01
 6.666667e-03  -4.355004e-01
 7.350000e-03  -4.710022e-01
 8.066667e-03  -5.065978e-01
 8.816667e-03  -5.420959e-01
 9.600000e-03  -5.773050e-01
 1.041667e-02  -6.120342e-01
 1.126667e-02  -6.460948e-01
 1.215000e-02  -6.793004e-01
 1.306667e-02  -7.114679e-01
 1.401667e-02  -7.424190e-01
 1.500000e-02  -7.719799e-01
 1.601667e-02  -7.999830e-01
 1.706667e-02  -8.262672e-01
 1.815000e-02  -8.506786e-01
 1.926667e-02  -8.730710e-01
 2.041667e-02  -8.933070e-01
 2.160000e-02  -9.112579e-01
 2.281667e-02  -9.268045e-01
 2.406667e-02  -9.398375e-01
 2.535000e-02  -9.502579e-01
 2.666667e-02  -9.579773e-01
 2.801667e-02  -9.629180e-01
 2.940000e-02  -9.650133e-01
 3.081667e-02  -9.642080e-01
 3.226667e-02  -9.604577e-01
 3.375000e-02  -9.537297e-01
 3.526667e-02  -9.440023e-01
 3.681667e-02  -9.312653e-01
 3.840000e-02  -9.155193e-01
 4.001667e-02  -8.967761e-01
 4.166667e-02  -8.750581e-01
 4.335000e-02  -8.503982e-01
 4.506667e-02  -8.228393e-01
 4.681667e-02  -7.924343e-01
 4.860000e-02  -7.592457e-01
 5.041667e-02  -7.233446e-01
 5.226667e-02  -6.848112e-01
 5.415000e-02  -6.437335e-01
 5.606667e-02  -6.002074e-01
 5.801667e-02  -5.543359e-01
 6.000000e-02  -5.062284e-01
 6.201667e-02  -4.560008e-01
 6.406667e-02  -4.037743e-01
 6.615000e-02  -3.496750e-01
 6.826667e-02  -2.938337e-01
 7.041667e-02  -2.363849e-01
 7.260000e-02  -1.774663e-01
 7.481667e-02  -1.172186e-01
 7.706667e-02  -5.578440e-02
 7.935000e-02   6.691974e-03
 8.166667e-02   7.006511e-02
 8.401667e-02   1.341891e-01
 8.640000e-02   1.989178e-01
 8.881667e-02   2.641059e-01
 9.126667e-02   3.296088e-01
 9.375000e-02   3.952832e-01
 9.626667e-02   4.609879e-01
 9.881667e-02   5.265838e-01
 1.014000e-01   5.919346e-01
 1.040167e-01   6.569069e-01
 1.066667e-01   7.213709e-01
 1.093500e-01   7.852003e-01
 1.120667e-01   8.482731e-01
 1.148167e-01   9.104713e-01
 1.176000e-01   9.716817e-01
 1.204167e-01   1.031796e+00
 1.232667e-01   1.090710e+00
 1.261500e-01   1.148326e+00
 1.290667e-01   1.204551e+00
 1.320167e-01   1.259297e+00
 1.350000e-01   1.312482e+00
 1.380167e-01   1.364030e+00
 1.410667e-01   1.413869e+00
 1.441500e-01   1.461936e+00
 1.472667e-01   1.508171e+00
 1.504167e-01   1.552520e+00
 1.536000e-01   1.594935e+00
 1.568167e-01   1.635374e+00
 1.600667e-01   1.673802e+00
 1.633500e-01   1.710186e+00
 1.666667e-01   1.744501e+00
 1.700167e-01   1.776727e+00
 1.734000e-01   1.806849e+00
 1.768167e-01   1.834857e+00
 1.802667e-01   1.860746e+00
 1.837500e-01   1.884516e+00
 1.872667e-01   1.906172e+00
 1.908167e-01   1.925721e+00
 1.944000e-01   1.943179e+00
 1.980167e-01   1.958561e+00
 2.016667e-01   1.971889e+00
 2.053500e-01   1.983188e+00
 2.090667e-01   1.992487e+00
 2.128167e-01   1.999817e+00
 2.166000e-01   2.005213e+00
 2.204167e-01   2.008713e+00
 2.242667e-01   2.010359e+00
 2.281500e-01   2.010192e+00
 2.320667e-01   2.008258e+00
 2.360167e-01   2.004605e+00
 2.400000e-01   1.999283e+00
 2.440167e-01   1.992343e+00
 2.480667e-01   1.983837e+00
 2.521500e-01   1.973819e+00
 2.562667e-01   1.962346e+00
 2.604167e-01   1.949472e+00
 2.646000e-01   1.935256e+00
 2.688167e-01   1.919756e+00
 2.730667e-01   1.903028e+00
 2.773500e-01   1.885133e+00
 2.816667e-01   1.866129e+00
 2.860167e-01   1.846074e+00
 2.904000e-01   1.825028e+00
 2.948167e-01   1.803049e+00
 2.992667e-01   1.780195e+00
 3.037500e-01   1.756523e+00
 3.082667e-01   1.732092e+00
 3.128167e-01   1.706957e+00
 3.174000e-01   1.681174e+00
 3.220167e-01   1.654798e+00
 3.266667e-01   1.627882e+00
 3.313500e-01   1.600479e+00
 3.360667e-01   1.572641e+00
 3.408167e-01   1.544418e+00
 3.456000e-01   1.515860e+00
 3.504167e-01   1.487013e+00
 3.552667e-01   1.457925e+00
 3.601500e-01   1.428641e+00
 3.650667e-01   1.399205e+00
 3.700167e-01   1.369658e+00
 3.750000e-01   1.340041e+00
 3.800167e-01   1.310394e+00
 3.850667e-01   1.280754e+00
 3.901500e-01   1.251157e+00
 3.952667e-01   1.221638e+00
 4.004167e-01   1.192230e+00
 4.056000e-01   1.162964e+00
 4.108167e-01   1.133871e+00
 4.160667e-01   1.104978e+00
 4.213500e-01   1.076313e+00
 4.266667e-01   1.047900e+00
 4.320167e-01   1.019765e+00
 4.374000e-01   9.919278e-01
 4.428167e-01   9.644109e-01
 4.482667e-01   9.372334e-01
 4.537500e-01   9.104133e-01
 4.592667e-01   8.839674e-01
 4.648167e-01   8.579111e-01
 4.704000e-01   8.322582e-01
 4.760167e-01   8.070218e-01
 4.816667e-01   7.822132e-01
 4.873500e-01   7.578428e-01
 4.930667e-01   7.339199e-01
 4.988167e-01   7.104523e-01
 5.046000e-01   6.874472e-01
 5.104167e-01   6.649104e-01
 5.162667e-01   6.428469e-01
 5.221500e-01   6.212605e-01
 5.280667e-01   6.001543e-01
 5.340167e-01   5.795304e-01
 5.400000e-01   5.593902e-01
 5.460167e-01   5.397340e-01
 5.520667e-01   5.205617e-01
 5.581500e-01   5.018722e-01
 5.642667e-01   4.836638e-01
 5.704167e-01   4.659342e-01
 5.766000e-01   4.486804e-01
 5.828167e-01   4.318989e-01
 5.890667e-01   4.155857e-01
 5.953500e-01   3.997362e-01
 6.016667e-01   3.843453e-01
 6.080167e-01   3.694077e-01
 6.144000e-01   3.549175e-01
 6.208167e-01   3.408684e-01
 6.272667e-01   3.272539e-01
 6.337500e-01   3.140671e-01
 6.402667e-01   3.013010e-01
 6.468167e-01   2.889481e-01
 6.534000e-01   2.770009e-01
 6.600167e-01   2.654515e-01
 6.666667e-01   2.542920e-01
 6.733500e-01   2.435143e-01
 6.800667e-01   2.331102e-01
 6.868167e-01   2.230713e-01
 6.936000e-01   2.133892e-01
 7.004167e-01   2.040555e-01
 7.072667e-01   1.950617e-01
 7.141500e-01   1.863992e-01
 7.210667e-01   1.780595e-01
 7.280167e-01   1.700341e-01
 7.350000e-01   1.623144e-01
 7.420167e-01   1.548921e-01
 7.490667e-01   1.477587e-01
 7.561500e-01   1.409058e-01
 7.632667e-01   1.343252e-01
 7.704167e-01   1.280087e-01
 7.776000e-01   1.219482e-01
 7.848167e-01   1.161357e-01
 7.920667e-01   1.105634e-01
 7.993500e-01   1.052234e-01
 8.066667e-01   1.001082e-01
 8.140167e-01   9.521015e-02
 8.214000e-01   9.052202e-02
 8.288167e-01   8.603653e-02
 8.362667e-01   8.174661e-02
 8.437500e-01   7.764532e-02
 8.512667e-01   7.372589e-02
 8.588167e-01   6.998168e-02
 8.664000e-01   6.640624e-02
 8.740167e-01   6.299324e-02
 8.816667e-01   5.973655e-02
 8.893500e-01   5.663016e-02
 8.970667e-01   5.366825e-02
 9.048167e-01   5.084514e-02
 9.126000e-01   4.815532e-02
 9.204167e-01   4.559344e-02
 9.282667e-01   4.315430e-02
 9.361500e-01   4.083287e-02
 9.440667e-01   3.862427e-02
 9.520167e-01   3.652376e-02
 9.600000e-01   3.452677e-02
 9.680167e-01   3.262888e-02
 9.760667e-01   3.082580e-02
 9.841500e-01   2.911340e-02
 9.922667e-01   2.748770e-02
 1.000417e+00   2.594484e-02
 1.008600e+00   2.448111e-02
 1.016817e+00   2.309293e-02
 1.025067e+00   2.177686e-02
 1.033350e+00   2.052957e-02
 1.041667e+00   1.934789e-02
 1.050017e+00   1.822873e-02
 1.058400e+00   1.716915e-02
 1.066817e+00   1.616631e-02
 1.075267e+00   1.521749e-02
 1.083750e+00   1.432009e-02
 1.092267e+00   1.347160e-02
 1.100817e+00   1.266963e-02
 1.109400e+00   1.191186e-02
 1.118017e+00   1.119610e-02
 1.126667e+00   1.052025e-02
 1.135350e+00   9.882276e-03
 1.144067e+00   9.280264e-03
 1.152817e+00   8.712368e-03
 1.161600e+00   8.176826e-03
 1.170417e+00   7.671957e-03
 1.179267e+00   7.196157e-03
 1.188150e+00   6.747895e-03
 1.197067e+00   6.325711e-03
 1.206017e+00   5.928213e-03
 1.215000e+00   5.554076e-03
 1.224017e+00   5.202036e-03
 1.233067e+00   4.870893e-03
 1.242150e+00   4.559501e-03
 1.251267e+00   4.266774e-03
 1.260417e+00   3.991676e-03
 1.269600e+00   3.733225e-03
 1.278817e+00   3.490487e-03
 1.288067e+00   3.262575e-03
 1.297350e+00   3.048648e-03
 1.306667e+00   2.847907e-03
 1.316017e+00   2.659594e-03
 1.325400e+00   2.482992e-03
 1.334817e+00   2.317419e-03
 1.344267e+00   2.162231e-03
 1.353750e+00   2.016817e-03
 1.363267e+00   1.880599e-03
 1.372817e+00   1.753030e-03
 1.382400e+00   1.633592e-03
 1.392017e+00   1.521796e-03
 1.401667e+00   1.417179e-03
 1.411350e+00   1.319304e-03
 1.421067e+00   1.227757e-03
 1.430817e+00   1.142147e-03
 1.440600e+00   1.062107e-03
 1.450417e+00   9.872887e-04
 1.460267e+00   9.173626e-04
 1.470150e+00   8.520193e-04
 1.480067e+00   7.909662e-04
 1.490017e+00   7.339275e-04
 1.500000e+00   6.806429e-04
