2023-04-21 16:47:14
Calculation of atomic orbitals for a central potential
Solving Schrodinger eq. by variable sptep-size Numerov method
S. del Rio potential
Z	A	a1	a2	L	E(a.u.)	  r_max(a.u.)	N. points
26	0.632	1.726	9.05	2	-0.3521	  10.0		300
Normalised radial wavefunction P(r)
 Format r(i), P(i) with r(i)=0.000111111*i^2
 1.111111e-04  -1.044238e+00
 4.444444e-04  -2.878248e-01
 1.000000e-03  -5.579634e-02
 1.777778e-03  -1.758653e-02
 2.777778e-03  -7.259669e-03
 4.000000e-03  -3.543670e-03
 5.444444e-03  -1.931689e-03
 7.111111e-03  -1.124069e-03
 9.000000e-03  -6.581006e-04
 1.111111e-02  -3.382996e-04
 1.344444e-02  -6.664946e-05
 1.600000e-02   2.165865e-04
 1.877778e-02   5.561600e-04
 2.177778e-02   9.919139e-04
 2.500000e-02   1.563441e-03
 2.844444e-02   2.312293e-03
 3.211111e-02   3.282972e-03
 3.600000e-02   4.523238e-03
 4.011111e-02   6.084012e-03
 4.444444e-02   8.019006e-03
 4.900000e-02   1.038415e-02
 5.377778e-02   1.323690e-02
 5.877778e-02   1.663543e-02
 6.400000e-02   2.063774e-02
 6.944444e-02   2.530082e-02
 7.511111e-02   3.067969e-02
 8.100000e-02   3.682650e-02
 8.711111e-02   4.378972e-02
 9.344444e-02   5.161329e-02
 1.000000e-01   6.033594e-02
 1.067778e-01   6.999047e-02
 1.137778e-01   8.060325e-02
 1.210000e-01   9.219373e-02
 1.284444e-01   1.047741e-01
 1.361111e-01   1.183490e-01
 1.440000e-01   1.329153e-01
 1.521111e-01   1.484624e-01
 1.604444e-01   1.649716e-01
 1.690000e-01   1.824169e-01
 1.777778e-01   2.007648e-01
 1.867778e-01   2.199748e-01
 1.960000e-01   2.399996e-01
 2.054444e-01   2.607857e-01
 2.151111e-01   2.822737e-01
 2.250000e-01   3.043990e-01
 2.351111e-01   3.270920e-01
 2.454444e-01   3.502792e-01
 2.560000e-01   3.738836e-01
 2.667778e-01   3.978250e-01
 2.777778e-01   4.220211e-01
 2.890000e-01   4.463881e-01
 3.004444e-01   4.708410e-01
 3.121111e-01   4.952946e-01
 3.240000e-01   5.196637e-01
 3.361111e-01   5.438642e-01
 3.484444e-01   5.678133e-01
 3.610000e-01   5.914302e-01
 3.737778e-01   6.146366e-01
 3.867778e-01   6.373569e-01
 4.000000e-01   6.595192e-01
 4.134444e-01   6.810549e-01
 4.271111e-01   7.019000e-01
 4.410000e-01   7.219945e-01
 4.551111e-01   7.412831e-01
 4.694444e-01   7.597154e-01
 4.840000e-01   7.772460e-01
 4.987778e-01   7.938346e-01
 5.137778e-01   8.094461e-01
 5.290000e-01   8.240504e-01
 5.444444e-01   8.376228e-01
 5.601111e-01   8.501436e-01
 5.760000e-01   8.615983e-01
 5.921111e-01   8.719771e-01
 6.084444e-01   8.812749e-01
 6.250000e-01   8.894915e-01
 6.417778e-01   8.966307e-01
 6.587778e-01   9.027006e-01
 6.760000e-01   9.077132e-01
 6.934444e-01   9.116840e-01
 7.111111e-01   9.146320e-01
 7.290000e-01   9.165791e-01
 7.471111e-01   9.175503e-01
 7.654444e-01   9.175727e-01
 7.840000e-01   9.166761e-01
 8.027778e-01   9.148918e-01
 8.217778e-01   9.122531e-01
 8.410000e-01   9.087946e-01
 8.604444e-01   9.045521e-01
 8.801111e-01   8.995622e-01
 9.000000e-01   8.938624e-01
 9.201111e-01   8.874904e-01
 9.404444e-01   8.804844e-01
 9.610000e-01   8.728824e-01
 9.817778e-01   8.647225e-01
 1.002778e+00   8.560424e-01
 1.024000e+00   8.468792e-01
 1.045444e+00   8.372698e-01
 1.067111e+00   8.272501e-01
 1.089000e+00   8.168552e-01
 1.111111e+00   8.061194e-01
 1.133444e+00   7.950759e-01
 1.156000e+00   7.837571e-01
 1.178778e+00   7.721939e-01
 1.201778e+00   7.604162e-01
 1.225000e+00   7.484528e-01
 1.248444e+00   7.363313e-01
 1.272111e+00   7.240777e-01
 1.296000e+00   7.117170e-01
 1.320111e+00   6.992731e-01
 1.344444e+00   6.867683e-01
 1.369000e+00   6.742238e-01
 1.393778e+00   6.616596e-01
 1.418778e+00   6.490946e-01
 1.444000e+00   6.365461e-01
 1.469444e+00   6.240308e-01
 1.495111e+00   6.115637e-01
 1.521000e+00   5.991593e-01
 1.547111e+00   5.868305e-01
 1.573444e+00   5.745895e-01
 1.600000e+00   5.624475e-01
 1.626778e+00   5.504146e-01
 1.653778e+00   5.385002e-01
 1.681000e+00   5.267127e-01
 1.708444e+00   5.150597e-01
 1.736111e+00   5.035481e-01
 1.764000e+00   4.921840e-01
 1.792111e+00   4.809728e-01
 1.820444e+00   4.699194e-01
 1.849000e+00   4.590278e-01
 1.877778e+00   4.483016e-01
 1.906778e+00   4.377439e-01
 1.936000e+00   4.273571e-01
 1.965444e+00   4.171434e-01
 1.995111e+00   4.071044e-01
 2.025000e+00   3.972412e-01
 2.055111e+00   3.875546e-01
 2.085444e+00   3.780452e-01
 2.116000e+00   3.687130e-01
 2.146778e+00   3.595580e-01
 2.177778e+00   3.505797e-01
 2.209000e+00   3.417774e-01
 2.240444e+00   3.331502e-01
 2.272111e+00   3.246970e-01
 2.304000e+00   3.164165e-01
 2.336111e+00   3.083072e-01
 2.368444e+00   3.003676e-01
 2.401000e+00   2.925958e-01
 2.433778e+00   2.849900e-01
 2.466778e+00   2.775482e-01
 2.500000e+00   2.702683e-01
 2.533444e+00   2.631482e-01
 2.567111e+00   2.561856e-01
 2.601000e+00   2.493783e-01
 2.635111e+00   2.427239e-01
 2.669444e+00   2.362199e-01
 2.704000e+00   2.298642e-01
 2.738778e+00   2.236540e-01
 2.773778e+00   2.175871e-01
 2.809000e+00   2.116610e-01
 2.844444e+00   2.058731e-01
 2.880111e+00   2.002210e-01
 2.916000e+00   1.947022e-01
 2.952111e+00   1.893142e-01
 2.988444e+00   1.840546e-01
 3.025000e+00   1.789210e-01
 3.061778e+00   1.739108e-01
 3.098778e+00   1.690217e-01
 3.136000e+00   1.642514e-01
 3.173444e+00   1.595974e-01
 3.211111e+00   1.550574e-01
 3.249000e+00   1.506291e-01
 3.287111e+00   1.463102e-01
 3.325444e+00   1.420985e-01
 3.364000e+00   1.379917e-01
 3.402778e+00   1.339877e-01
 3.441778e+00   1.300843e-01
 3.481000e+00   1.262794e-01
 3.520444e+00   1.225709e-01
 3.560111e+00   1.189567e-01
 3.600000e+00   1.154349e-01
 3.640111e+00   1.120034e-01
 3.680444e+00   1.086603e-01
 3.721000e+00   1.054037e-01
 3.761778e+00   1.022316e-01
 3.802778e+00   9.914230e-02
 3.844000e+00   9.613390e-02
 3.885444e+00   9.320463e-02
 3.927111e+00   9.035273e-02
 3.969000e+00   8.757648e-02
 4.011111e+00   8.487421e-02
 4.053444e+00   8.224423e-02
 4.096000e+00   7.968494e-02
 4.138778e+00   7.719473e-02
 4.181778e+00   7.477204e-02
 4.225000e+00   7.241533e-02
 4.268444e+00   7.012309e-02
 4.312111e+00   6.789384e-02
 4.356000e+00   6.572613e-02
 4.400111e+00   6.361853e-02
 4.444444e+00   6.156965e-02
 4.489000e+00   5.957812e-02
 4.533778e+00   5.764260e-02
 4.578778e+00   5.576176e-02
 4.624000e+00   5.393432e-02
 4.669444e+00   5.215900e-02
 4.715111e+00   5.043456e-02
 4.761000e+00   4.875979e-02
 4.807111e+00   4.713348e-02
 4.853444e+00   4.555446e-02
 4.900000e+00   4.402159e-02
 4.946778e+00   4.253373e-02
 4.993778e+00   4.108978e-02
 5.041000e+00   3.968865e-02
 5.088444e+00   3.832929e-02
 5.136111e+00   3.701064e-02
 5.184000e+00   3.573170e-02
 5.232111e+00   3.449145e-02
 5.280444e+00   3.328891e-02
 5.329000e+00   3.212314e-02
 5.377778e+00   3.099317e-02
 5.426778e+00   2.989809e-02
 5.476000e+00   2.883700e-02
 5.525444e+00   2.780900e-02
 5.575111e+00   2.681323e-02
 5.625000e+00   2.584884e-02
 5.675111e+00   2.491500e-02
 5.725444e+00   2.401088e-02
 5.776000e+00   2.313570e-02
 5.826778e+00   2.228867e-02
 5.877778e+00   2.146902e-02
 5.929000e+00   2.067600e-02
 5.980444e+00   1.990889e-02
 6.032111e+00   1.916697e-02
 6.084000e+00   1.844952e-02
 6.136111e+00   1.775588e-02
 6.188444e+00   1.708536e-02
 6.241000e+00   1.643731e-02
 6.293778e+00   1.581109e-02
 6.346778e+00   1.520607e-02
 6.400000e+00   1.462163e-02
 6.453444e+00   1.405718e-02
 6.507111e+00   1.351214e-02
 6.561000e+00   1.298593e-02
 6.615111e+00   1.247799e-02
 6.669444e+00   1.198777e-02
 6.724000e+00   1.151475e-02
 6.778778e+00   1.105841e-02
 6.833778e+00   1.061823e-02
 6.889000e+00   1.019372e-02
 6.944444e+00   9.784406e-03
 7.000111e+00   9.389809e-03
 7.056000e+00   9.009471e-03
 7.112111e+00   8.642944e-03
 7.168444e+00   8.289792e-03
 7.225000e+00   7.949590e-03
 7.281778e+00   7.621922e-03
 7.338778e+00   7.306386e-03
 7.396000e+00   7.002589e-03
 7.453444e+00   6.710146e-03
 7.511111e+00   6.428685e-03
 7.569000e+00   6.157844e-03
 7.627111e+00   5.897269e-03
 7.685444e+00   5.646616e-03
 7.744000e+00   5.405552e-03
 7.802778e+00   5.173751e-03
 7.861778e+00   4.950897e-03
 7.921000e+00   4.736683e-03
 7.980444e+00   4.530809e-03
 8.040111e+00   4.332987e-03
 8.100000e+00   4.142933e-03
 8.160111e+00   3.960375e-03
 8.220444e+00   3.785045e-03
 8.281000e+00   3.616686e-03
 8.341778e+00   3.455046e-03
 8.402778e+00   3.299883e-03
 8.464000e+00   3.150960e-03
 8.525444e+00   3.008048e-03
 8.587111e+00   2.870925e-03
 8.649000e+00   2.739374e-03
 8.711111e+00   2.613187e-03
 8.773444e+00   2.492161e-03
 8.836000e+00   2.376099e-03
 8.898778e+00   2.264811e-03
 8.961778e+00   2.158111e-03
 9.025000e+00   2.055821e-03
 9.088444e+00   1.957767e-03
 9.152111e+00   1.863781e-03
 9.216000e+00   1.773699e-03
 9.280111e+00   1.687365e-03
 9.344444e+00   1.604624e-03
 9.409000e+00   1.525329e-03
 9.473778e+00   1.449336e-03
 9.538778e+00   1.376506e-03
 9.604000e+00   1.306703e-03
 9.669444e+00   1.239797e-03
 9.735111e+00   1.175661e-03
 9.801000e+00   1.114173e-03
 9.867111e+00   1.055213e-03
 9.933444e+00   9.986648e-04
 1.000000e+01   9.444172e-04
