2023-04-21 16:46:37
Calculation of atomic orbitals for a central potential
Solving Schrodinger eq. by variable sptep-size Numerov method
S. del Rio potential
Z	A	a1	a2	L	E(a.u.)	  r_max(a.u.)	N. points
26	0.632	1.726	9.05	1	-2.215	  4.0		300
Normalised radial wavefunction P(r)
 Format r(i), P(i) with r(i)=4.44444e-05*i^2
 4.444444e-05  -7.614813e-03
 1.777778e-04  -3.351622e-03
 4.000000e-04  -1.551832e-03
 7.111111e-04  -9.606874e-04
 1.111111e-03  -7.935515e-04
 1.600000e-03  -8.763136e-04
 2.177778e-03  -1.181295e-03
 2.844444e-03  -1.729885e-03
 3.600000e-03  -2.564947e-03
 4.444444e-03  -3.740713e-03
 5.377778e-03  -5.318078e-03
 6.400000e-03  -7.361843e-03
 7.511111e-03  -9.938734e-03
 8.711111e-03  -1.311578e-02
 1.000000e-02  -1.695884e-02
 1.137778e-02  -2.153131e-02
 1.284444e-02  -2.689281e-02
 1.440000e-02  -3.309804e-02
 1.604444e-02  -4.019569e-02
 1.777778e-02  -4.822744e-02
 1.960000e-02  -5.722709e-02
 2.151111e-02  -6.721975e-02
 2.351111e-02  -7.822121e-02
 2.560000e-02  -9.023739e-02
 2.777778e-02  -1.032640e-01
 3.004444e-02  -1.172861e-01
 3.240000e-02  -1.322784e-01
 3.484444e-02  -1.482046e-01
 3.737778e-02  -1.650181e-01
 4.000000e-02  -1.826621e-01
 4.271111e-02  -2.010699e-01
 4.551111e-02  -2.201653e-01
 4.840000e-02  -2.398634e-01
 5.137778e-02  -2.600712e-01
 5.444444e-02  -2.806883e-01
 5.760000e-02  -3.016079e-01
 6.084444e-02  -3.227174e-01
 6.417778e-02  -3.438994e-01
 6.760000e-02  -3.650330e-01
 7.111111e-02  -3.859944e-01
 7.471111e-02  -4.066579e-01
 7.840000e-02  -4.268970e-01
 8.217778e-02  -4.465855e-01
 8.604444e-02  -4.655980e-01
 9.000000e-02  -4.838115e-01
 9.404444e-02  -5.011056e-01
 9.817778e-02  -5.173636e-01
 1.024000e-01  -5.324735e-01
 1.067111e-01  -5.463282e-01
 1.111111e-01  -5.588269e-01
 1.156000e-01  -5.698750e-01
 1.201778e-01  -5.793847e-01
 1.248444e-01  -5.872762e-01
 1.296000e-01  -5.934771e-01
 1.344444e-01  -5.979233e-01
 1.393778e-01  -6.005592e-01
 1.444000e-01  -6.013378e-01
 1.495111e-01  -6.002208e-01
 1.547111e-01  -5.971788e-01
 1.600000e-01  -5.921912e-01
 1.653778e-01  -5.852459e-01
 1.708444e-01  -5.763399e-01
 1.764000e-01  -5.654784e-01
 1.820444e-01  -5.526749e-01
 1.877778e-01  -5.379511e-01
 1.936000e-01  -5.213364e-01
 1.995111e-01  -5.028675e-01
 2.055111e-01  -4.825885e-01
 2.116000e-01  -4.605499e-01
 2.177778e-01  -4.368088e-01
 2.240444e-01  -4.114281e-01
 2.304000e-01  -3.844762e-01
 2.368444e-01  -3.560265e-01
 2.433778e-01  -3.261569e-01
 2.500000e-01  -2.949497e-01
 2.567111e-01  -2.624906e-01
 2.635111e-01  -2.288686e-01
 2.704000e-01  -1.941753e-01
 2.773778e-01  -1.585048e-01
 2.844444e-01  -1.219529e-01
 2.916000e-01  -8.461673e-02
 2.988444e-01  -4.659448e-02
 3.061778e-01  -7.984801e-03
 3.136000e-01   3.111349e-02
 3.211111e-01   7.060187e-02
 3.287111e-01   1.103824e-01
 3.364000e-01   1.503583e-01
 3.441778e-01   1.904338e-01
 3.520444e-01   2.305151e-01
 3.600000e-01   2.705102e-01
 3.680444e-01   3.103293e-01
 3.761778e-01   3.498852e-01
 3.844000e-01   3.890934e-01
 3.927111e-01   4.278721e-01
 4.011111e-01   4.661431e-01
 4.096000e-01   5.038311e-01
 4.181778e-01   5.408645e-01
 4.268444e-01   5.771751e-01
 4.356000e-01   6.126987e-01
 4.444444e-01   6.473747e-01
 4.533778e-01   6.811465e-01
 4.624000e-01   7.139613e-01
 4.715111e-01   7.457704e-01
 4.807111e-01   7.765291e-01
 4.900000e-01   8.061967e-01
 4.993778e-01   8.347365e-01
 5.088444e-01   8.621158e-01
 5.184000e-01   8.883058e-01
 5.280444e-01   9.132816e-01
 5.377778e-01   9.370220e-01
 5.476000e-01   9.595098e-01
 5.575111e-01   9.807312e-01
 5.675111e-01   1.000676e+00
 5.776000e-01   1.019338e+00
 5.877778e-01   1.036713e+00
 5.980444e-01   1.052801e+00
 6.084000e-01   1.067606e+00
 6.188444e-01   1.081133e+00
 6.293778e-01   1.093391e+00
 6.400000e-01   1.104391e+00
 6.507111e-01   1.114147e+00
 6.615111e-01   1.122676e+00
 6.724000e-01   1.129996e+00
 6.833778e-01   1.136127e+00
 6.944444e-01   1.141093e+00
 7.056000e-01   1.144917e+00
 7.168444e-01   1.147626e+00
 7.281778e-01   1.149247e+00
 7.396000e-01   1.149809e+00
 7.511111e-01   1.149343e+00
 7.627111e-01   1.147878e+00
 7.744000e-01   1.145448e+00
 7.861778e-01   1.142086e+00
 7.980444e-01   1.137824e+00
 8.100000e-01   1.132698e+00
 8.220444e-01   1.126742e+00
 8.341778e-01   1.119990e+00
 8.464000e-01   1.112479e+00
 8.587111e-01   1.104242e+00
 8.711111e-01   1.095317e+00
 8.836000e-01   1.085738e+00
 8.961778e-01   1.075539e+00
 9.088444e-01   1.064757e+00
 9.216000e-01   1.053426e+00
 9.344444e-01   1.041580e+00
 9.473778e-01   1.029252e+00
 9.604000e-01   1.016476e+00
 9.735111e-01   1.003285e+00
 9.867111e-01   9.897112e-01
 1.000000e+00   9.757851e-01
 1.013378e+00   9.615379e-01
 1.026844e+00   9.469994e-01
 1.040400e+00   9.321990e-01
 1.054044e+00   9.171649e-01
 1.067778e+00   9.019247e-01
 1.081600e+00   8.865051e-01
 1.095511e+00   8.709319e-01
 1.109511e+00   8.552299e-01
 1.123600e+00   8.394232e-01
 1.137778e+00   8.235350e-01
 1.152044e+00   8.075873e-01
 1.166400e+00   7.916016e-01
 1.180844e+00   7.755982e-01
 1.195378e+00   7.595965e-01
 1.210000e+00   7.436152e-01
 1.224711e+00   7.276719e-01
 1.239511e+00   7.117834e-01
 1.254400e+00   6.959656e-01
 1.269378e+00   6.802336e-01
 1.284444e+00   6.646016e-01
 1.299600e+00   6.490829e-01
 1.314844e+00   6.336902e-01
 1.330178e+00   6.184352e-01
 1.345600e+00   6.033289e-01
 1.361111e+00   5.883815e-01
 1.376711e+00   5.736026e-01
 1.392400e+00   5.590009e-01
 1.408178e+00   5.445844e-01
 1.424044e+00   5.303608e-01
 1.440000e+00   5.163366e-01
 1.456044e+00   5.025180e-01
 1.472178e+00   4.889107e-01
 1.488400e+00   4.755195e-01
 1.504711e+00   4.623488e-01
 1.521111e+00   4.494026e-01
 1.537600e+00   4.366841e-01
 1.554178e+00   4.241962e-01
 1.570844e+00   4.119413e-01
 1.587600e+00   3.999213e-01
 1.604444e+00   3.881379e-01
 1.621378e+00   3.765919e-01
 1.638400e+00   3.652843e-01
 1.655511e+00   3.542153e-01
 1.672711e+00   3.433849e-01
 1.690000e+00   3.327929e-01
 1.707378e+00   3.224387e-01
 1.724844e+00   3.123212e-01
 1.742400e+00   3.024394e-01
 1.760044e+00   2.927919e-01
 1.777778e+00   2.833768e-01
 1.795600e+00   2.741925e-01
 1.813511e+00   2.652367e-01
 1.831511e+00   2.565072e-01
 1.849600e+00   2.480016e-01
 1.867778e+00   2.397171e-01
 1.886044e+00   2.316512e-01
 1.904400e+00   2.238007e-01
 1.922844e+00   2.161629e-01
 1.941378e+00   2.087344e-01
 1.960000e+00   2.015121e-01
 1.978711e+00   1.944926e-01
 1.997511e+00   1.876726e-01
 2.016400e+00   1.810486e-01
 2.035378e+00   1.746170e-01
 2.054444e+00   1.683744e-01
 2.073600e+00   1.623170e-01
 2.092844e+00   1.564412e-01
 2.112178e+00   1.507434e-01
 2.131600e+00   1.452198e-01
 2.151111e+00   1.398668e-01
 2.170711e+00   1.346805e-01
 2.190400e+00   1.296574e-01
 2.210178e+00   1.247937e-01
 2.230044e+00   1.200858e-01
 2.250000e+00   1.155298e-01
 2.270044e+00   1.111222e-01
 2.290178e+00   1.068593e-01
 2.310400e+00   1.027375e-01
 2.330711e+00   9.875328e-02
 2.351111e+00   9.490303e-02
 2.371600e+00   9.118326e-02
 2.392178e+00   8.759052e-02
 2.412844e+00   8.412137e-02
 2.433600e+00   8.077245e-02
 2.454444e+00   7.754043e-02
 2.475378e+00   7.442202e-02
 2.496400e+00   7.141401e-02
 2.517511e+00   6.851322e-02
 2.538711e+00   6.571653e-02
 2.560000e+00   6.302088e-02
 2.581378e+00   6.042326e-02
 2.602844e+00   5.792072e-02
 2.624400e+00   5.551038e-02
 2.646044e+00   5.318939e-02
 2.667778e+00   5.095498e-02
 2.689600e+00   4.880444e-02
 2.711511e+00   4.673512e-02
 2.733511e+00   4.474441e-02
 2.755600e+00   4.282978e-02
 2.777778e+00   4.098875e-02
 2.800044e+00   3.921890e-02
 2.822400e+00   3.751788e-02
 2.844844e+00   3.588338e-02
 2.867378e+00   3.431315e-02
 2.890000e+00   3.280503e-02
 2.912711e+00   3.135686e-02
 2.935511e+00   2.996659e-02
 2.958400e+00   2.863220e-02
 2.981378e+00   2.735172e-02
 3.004444e+00   2.612325e-02
 3.027600e+00   2.494494e-02
 3.050844e+00   2.381497e-02
 3.074178e+00   2.273162e-02
 3.097600e+00   2.169317e-02
 3.121111e+00   2.069798e-02
 3.144711e+00   1.974445e-02
 3.168400e+00   1.883103e-02
 3.192178e+00   1.795622e-02
 3.216044e+00   1.711856e-02
 3.240000e+00   1.631664e-02
 3.264044e+00   1.554909e-02
 3.288178e+00   1.481460e-02
 3.312400e+00   1.411187e-02
 3.336711e+00   1.343967e-02
 3.361111e+00   1.279681e-02
 3.385600e+00   1.218212e-02
 3.410178e+00   1.159449e-02
 3.434844e+00   1.103282e-02
 3.459600e+00   1.049608e-02
 3.484444e+00   9.983249e-03
 3.509378e+00   9.493359e-03
 3.534400e+00   9.025465e-03
 3.559511e+00   8.578659e-03
 3.584711e+00   8.152062e-03
 3.610000e+00   7.744828e-03
 3.635378e+00   7.356142e-03
 3.660844e+00   6.985217e-03
 3.686400e+00   6.631293e-03
 3.712044e+00   6.293640e-03
 3.737778e+00   5.971552e-03
 3.763600e+00   5.664352e-03
 3.789511e+00   5.371384e-03
 3.815511e+00   5.092018e-03
 3.841600e+00   4.825649e-03
 3.867778e+00   4.571691e-03
 3.894044e+00   4.329581e-03
 3.920400e+00   4.098779e-03
 3.946844e+00   3.878762e-03
 3.973378e+00   3.669028e-03
 4.000000e+00   3.469094e-03
