2023-04-21 16:46:11
Calculation of atomic orbitals for a central potential
Solving Schrodinger eq. by variable sptep-size Numerov method
S. del Rio potential
Z	A	a1	a2	L	E(a.u.)	  r_max(a.u.)	N. points
26	0.632	1.726	9.05	0	-3.45	  4.0		300
Normalised radial wavefunction P(r)
 Format r(i), P(i) with r(i)=4.44444e-05*i^2
 4.444444e-05   1.667460e-03
 1.777778e-04   5.604751e-03
 4.000000e-04   1.210138e-02
 7.111111e-04   2.106405e-02
 1.111111e-03   3.236510e-02
 1.600000e-03   4.584399e-02
 2.177778e-03   6.130932e-02
 2.844444e-03   7.854142e-02
 3.600000e-03   9.729525e-02
 4.444444e-03   1.173037e-01
 5.377778e-03   1.382810e-01
 6.400000e-03   1.599267e-01
 7.511111e-03   1.819294e-01
 8.711111e-03   2.039707e-01
 1.000000e-02   2.257297e-01
 1.137778e-02   2.468863e-01
 1.284444e-02   2.671259e-01
 1.440000e-02   2.861428e-01
 1.604444e-02   3.036439e-01
 1.777778e-02   3.193523e-01
 1.960000e-02   3.330104e-01
 2.151111e-02   3.443826e-01
 2.351111e-02   3.532583e-01
 2.560000e-02   3.594532e-01
 2.777778e-02   3.628122e-01
 3.004444e-02   3.632099e-01
 3.240000e-02   3.605522e-01
 3.484444e-02   3.547764e-01
 3.737778e-02   3.458520e-01
 4.000000e-02   3.337804e-01
 4.271111e-02   3.185940e-01
 4.551111e-02   3.003558e-01
 4.840000e-02   2.791584e-01
 5.137778e-02   2.551219e-01
 5.444444e-02   2.283930e-01
 5.760000e-02   1.991425e-01
 6.084444e-02   1.675635e-01
 6.417778e-02   1.338690e-01
 6.760000e-02   9.828958e-02
 7.111111e-02   6.107102e-02
 7.471111e-02   2.247149e-02
 7.840000e-02  -1.724080e-02
 8.217778e-02  -5.779023e-02
 8.604444e-02  -9.889630e-02
 9.000000e-02  -1.402761e-01
 9.404444e-02  -1.816468e-01
 9.817778e-02  -2.227278e-01
 1.024000e-01  -2.632430e-01
 1.067111e-01  -3.029230e-01
 1.111111e-01  -3.415067e-01
 1.156000e-01  -3.787432e-01
 1.201778e-01  -4.143936e-01
 1.248444e-01  -4.482322e-01
 1.296000e-01  -4.800476e-01
 1.344444e-01  -5.096441e-01
 1.393778e-01  -5.368426e-01
 1.444000e-01  -5.614809e-01
 1.495111e-01  -5.834147e-01
 1.547111e-01  -6.025180e-01
 1.600000e-01  -6.186831e-01
 1.653778e-01  -6.318207e-01
 1.708444e-01  -6.418601e-01
 1.764000e-01  -6.487490e-01
 1.820444e-01  -6.524530e-01
 1.877778e-01  -6.529553e-01
 1.936000e-01  -6.502563e-01
 1.995111e-01  -6.443728e-01
 2.055111e-01  -6.353377e-01
 2.116000e-01  -6.231988e-01
 2.177778e-01  -6.080182e-01
 2.240444e-01  -5.898716e-01
 2.304000e-01  -5.688471e-01
 2.368444e-01  -5.450445e-01
 2.433778e-01  -5.185742e-01
 2.500000e-01  -4.895564e-01
 2.567111e-01  -4.581199e-01
 2.635111e-01  -4.244012e-01
 2.704000e-01  -3.885435e-01
 2.773778e-01  -3.506959e-01
 2.844444e-01  -3.110121e-01
 2.916000e-01  -2.696498e-01
 2.988444e-01  -2.267696e-01
 3.061778e-01  -1.825340e-01
 3.136000e-01  -1.371069e-01
 3.211111e-01  -9.065251e-02
 3.287111e-01  -4.333460e-02
 3.364000e-01   4.684172e-03
 3.441778e-01   5.324301e-02
 3.520444e-01   1.021836e-01
 3.600000e-01   1.513508e-01
 3.680444e-01   2.005929e-01
 3.761778e-01   2.497629e-01
 3.844000e-01   2.987178e-01
 3.927111e-01   3.473202e-01
 4.011111e-01   3.954381e-01
 4.096000e-01   4.429450e-01
 4.181778e-01   4.897208e-01
 4.268444e-01   5.356517e-01
 4.356000e-01   5.806305e-01
 4.444444e-01   6.245565e-01
 4.533778e-01   6.673360e-01
 4.624000e-01   7.088823e-01
 4.715111e-01   7.491155e-01
 4.807111e-01   7.879630e-01
 4.900000e-01   8.253588e-01
 4.993778e-01   8.612442e-01
 5.088444e-01   8.955671e-01
 5.184000e-01   9.282824e-01
 5.280444e-01   9.593514e-01
 5.377778e-01   9.887420e-01
 5.476000e-01   1.016429e+00
 5.575111e-01   1.042391e+00
 5.675111e-01   1.066617e+00
 5.776000e-01   1.089096e+00
 5.877778e-01   1.109828e+00
 5.980444e-01   1.128815e+00
 6.084000e-01   1.146064e+00
 6.188444e-01   1.161588e+00
 6.293778e-01   1.175403e+00
 6.400000e-01   1.187532e+00
 6.507111e-01   1.197998e+00
 6.615111e-01   1.206830e+00
 6.724000e-01   1.214061e+00
 6.833778e-01   1.219726e+00
 6.944444e-01   1.223861e+00
 7.056000e-01   1.226509e+00
 7.168444e-01   1.227711e+00
 7.281778e-01   1.227513e+00
 7.396000e-01   1.225961e+00
 7.511111e-01   1.223103e+00
 7.627111e-01   1.218989e+00
 7.744000e-01   1.213670e+00
 7.861778e-01   1.207196e+00
 7.980444e-01   1.199620e+00
 8.100000e-01   1.190995e+00
 8.220444e-01   1.181373e+00
 8.341778e-01   1.170808e+00
 8.464000e-01   1.159352e+00
 8.587111e-01   1.147059e+00
 8.711111e-01   1.133979e+00
 8.836000e-01   1.120166e+00
 8.961778e-01   1.105670e+00
 9.088444e-01   1.090542e+00
 9.216000e-01   1.074831e+00
 9.344444e-01   1.058587e+00
 9.473778e-01   1.041855e+00
 9.604000e-01   1.024683e+00
 9.735111e-01   1.007117e+00
 9.867111e-01   9.891986e-01
 1.000000e+00   9.709719e-01
 1.013378e+00   9.524778e-01
 1.026844e+00   9.337560e-01
 1.040400e+00   9.148449e-01
 1.054044e+00   8.957813e-01
 1.067778e+00   8.766006e-01
 1.081600e+00   8.573366e-01
 1.095511e+00   8.380218e-01
 1.109511e+00   8.186870e-01
 1.123600e+00   7.993615e-01
 1.137778e+00   7.800731e-01
 1.152044e+00   7.608484e-01
 1.166400e+00   7.417120e-01
 1.180844e+00   7.226876e-01
 1.195378e+00   7.037970e-01
 1.210000e+00   6.850610e-01
 1.224711e+00   6.664987e-01
 1.239511e+00   6.481280e-01
 1.254400e+00   6.299657e-01
 1.269378e+00   6.120269e-01
 1.284444e+00   5.943258e-01
 1.299600e+00   5.768753e-01
 1.314844e+00   5.596871e-01
 1.330178e+00   5.427718e-01
 1.345600e+00   5.261390e-01
 1.361111e+00   5.097972e-01
 1.376711e+00   4.937539e-01
 1.392400e+00   4.780156e-01
 1.408178e+00   4.625881e-01
 1.424044e+00   4.474760e-01
 1.440000e+00   4.326834e-01
 1.456044e+00   4.182133e-01
 1.472178e+00   4.040683e-01
 1.488400e+00   3.902499e-01
 1.504711e+00   3.767594e-01
 1.521111e+00   3.635970e-01
 1.537600e+00   3.507626e-01
 1.554178e+00   3.382554e-01
 1.570844e+00   3.260743e-01
 1.587600e+00   3.142173e-01
 1.604444e+00   3.026825e-01
 1.621378e+00   2.914670e-01
 1.638400e+00   2.805680e-01
 1.655511e+00   2.699821e-01
 1.672711e+00   2.597055e-01
 1.690000e+00   2.497344e-01
 1.707378e+00   2.400643e-01
 1.724844e+00   2.306909e-01
 1.742400e+00   2.216093e-01
 1.760044e+00   2.128147e-01
 1.777778e+00   2.043020e-01
 1.795600e+00   1.960658e-01
 1.813511e+00   1.881008e-01
 1.831511e+00   1.804015e-01
 1.849600e+00   1.729623e-01
 1.867778e+00   1.657774e-01
 1.886044e+00   1.588412e-01
 1.904400e+00   1.521477e-01
 1.922844e+00   1.456913e-01
 1.941378e+00   1.394660e-01
 1.960000e+00   1.334660e-01
 1.978711e+00   1.276854e-01
 1.997511e+00   1.221185e-01
 2.016400e+00   1.167592e-01
 2.035378e+00   1.116020e-01
 2.054444e+00   1.066411e-01
 2.073600e+00   1.018707e-01
 2.092844e+00   9.728535e-02
 2.112178e+00   9.287937e-02
 2.131600e+00   8.864731e-02
 2.151111e+00   8.458378e-02
 2.170711e+00   8.068344e-02
 2.190400e+00   7.694106e-02
 2.210178e+00   7.335151e-02
 2.230044e+00   6.990972e-02
 2.250000e+00   6.661075e-02
 2.270044e+00   6.344974e-02
 2.290178e+00   6.042194e-02
 2.310400e+00   5.752271e-02
 2.330711e+00   5.474752e-02
 2.351111e+00   5.209192e-02
 2.371600e+00   4.955158e-02
 2.392178e+00   4.712231e-02
 2.412844e+00   4.479998e-02
 2.433600e+00   4.258059e-02
 2.454444e+00   4.046026e-02
 2.475378e+00   3.843519e-02
 2.496400e+00   3.650173e-02
 2.517511e+00   3.465628e-02
 2.538711e+00   3.289540e-02
 2.560000e+00   3.121572e-02
 2.581378e+00   2.961399e-02
 2.602844e+00   2.808704e-02
 2.624400e+00   2.663184e-02
 2.646044e+00   2.524542e-02
 2.667778e+00   2.392492e-02
 2.689600e+00   2.266759e-02
 2.711511e+00   2.147075e-02
 2.733511e+00   2.033183e-02
 2.755600e+00   1.924835e-02
 2.777778e+00   1.821790e-02
 2.800044e+00   1.723818e-02
 2.822400e+00   1.630695e-02
 2.844844e+00   1.542206e-02
 2.867378e+00   1.458146e-02
 2.890000e+00   1.378315e-02
 2.912711e+00   1.302522e-02
 2.935511e+00   1.230582e-02
 2.958400e+00   1.162320e-02
 2.981378e+00   1.097565e-02
 3.004444e+00   1.036155e-02
 3.027600e+00   9.779318e-03
 3.050844e+00   9.227461e-03
 3.074178e+00   8.704539e-03
 3.097600e+00   8.209168e-03
 3.121111e+00   7.740025e-03
 3.144711e+00   7.295843e-03
 3.168400e+00   6.875407e-03
 3.192178e+00   6.477554e-03
 3.216044e+00   6.101173e-03
 3.240000e+00   5.745199e-03
 3.264044e+00   5.408615e-03
 3.288178e+00   5.090449e-03
 3.312400e+00   4.789772e-03
 3.336711e+00   4.505696e-03
 3.361111e+00   4.237374e-03
 3.385600e+00   3.983998e-03
 3.410178e+00   3.744796e-03
 3.434844e+00   3.519032e-03
 3.459600e+00   3.306004e-03
 3.484444e+00   3.105043e-03
 3.509378e+00   2.915512e-03
 3.534400e+00   2.736803e-03
 3.559511e+00   2.568339e-03
 3.584711e+00   2.409569e-03
 3.610000e+00   2.259969e-03
 3.635378e+00   2.119040e-03
 3.660844e+00   1.986308e-03
 3.686400e+00   1.861322e-03
 3.712044e+00   1.743653e-03
 3.737778e+00   1.632895e-03
 3.763600e+00   1.528659e-03
 3.789511e+00   1.430578e-03
 3.815511e+00   1.338302e-03
 3.841600e+00   1.251499e-03
 3.867778e+00   1.169855e-03
 3.894044e+00   1.093069e-03
 3.920400e+00   1.020858e-03
 3.946844e+00   9.529522e-04
 3.973378e+00   8.890953e-04
 4.000000e+00   8.290443e-04
