2023-04-21 16:47:44
Calculation of atomic orbitals for a central potential
Solving Schrodinger eq. by variable sptep-size Numerov method
S. del Rio potential
Z	A	a1	a2	L	E(a.u.)	  r_max(a.u.)	N. points
26	0.632	1.726	9.05	0	-0.26	  15.0		300
Normalised radial wavefunction P(r)
 Format r(i), P(i) with r(i)=0.000166667*i^2
 1.666667e-04  -3.248192e-03
 6.666667e-04  -6.958728e-03
 1.500000e-03  -1.284556e-02
 2.666667e-03  -2.056378e-02
 4.166667e-03  -2.968198e-02
 6.000000e-03  -3.969681e-02
 8.166667e-03  -5.005589e-02
 1.066667e-02  -6.018361e-02
 1.350000e-02  -6.950794e-02
 1.666667e-02  -7.748650e-02
 2.016667e-02  -8.363060e-02
 2.400000e-02  -8.752601e-02
 2.816667e-02  -8.884959e-02
 3.266667e-02  -8.738123e-02
 3.750000e-02  -8.301064e-02
 4.266667e-02  -7.573923e-02
 4.816667e-02  -6.567707e-02
 5.400000e-02  -5.303565e-02
 6.016667e-02  -3.811696e-02
 6.666667e-02  -2.129964e-02
 7.350000e-02  -3.023165e-03
 8.066667e-02   1.622922e-02
 8.816667e-02   3.594801e-02
 9.600000e-02   5.561456e-02
 1.041667e-01   7.471738e-02
 1.126667e-01   9.276686e-02
 1.215000e-01   1.093083e-01
 1.306667e-01   1.239327e-01
 1.401667e-01   1.362856e-01
 1.500000e-01   1.460732e-01
 1.601667e-01   1.530670e-01
 1.706667e-01   1.571052e-01
 1.815000e-01   1.580936e-01
 1.926667e-01   1.560034e-01
 2.041667e-01   1.508688e-01
 2.160000e-01   1.427822e-01
 2.281667e-01   1.318891e-01
 2.406667e-01   1.183826e-01
 2.535000e-01   1.024962e-01
 2.666667e-01   8.449748e-02
 2.801667e-01   6.468110e-02
 2.940000e-01   4.336184e-02
 3.081667e-01   2.086801e-02
 3.226667e-01  -2.464998e-03
 3.375000e-01  -2.630062e-02
 3.526667e-01  -5.030668e-02
 3.681667e-01  -7.416033e-02
 3.840000e-01  -9.755246e-02
 4.001667e-01  -1.201915e-01
 4.166667e-01  -1.418067e-01
 4.335000e-01  -1.621504e-01
 4.506667e-01  -1.810005e-01
 4.681667e-01  -1.981617e-01
 4.860000e-01  -2.134661e-01
 5.041667e-01  -2.267742e-01
 5.226667e-01  -2.379741e-01
 5.415000e-01  -2.469819e-01
 5.606667e-01  -2.537400e-01
 5.801667e-01  -2.582165e-01
 6.000000e-01  -2.604036e-01
 6.201667e-01  -2.603161e-01
 6.406667e-01  -2.579893e-01
 6.615000e-01  -2.534774e-01
 6.826667e-01  -2.468515e-01
 7.041667e-01  -2.381971e-01
 7.260000e-01  -2.276127e-01
 7.481667e-01  -2.152075e-01
 7.706667e-01  -2.010992e-01
 7.935000e-01  -1.854125e-01
 8.166667e-01  -1.682771e-01
 8.401667e-01  -1.498261e-01
 8.640000e-01  -1.301945e-01
 8.881667e-01  -1.095177e-01
 9.126667e-01  -8.793005e-02
 9.375000e-01  -6.556417e-02
 9.626667e-01  -4.254953e-02
 9.881667e-01  -1.901178e-02
 1.014000e+00   4.928035e-03
 1.040167e+00   2.915408e-02
 1.066667e+00   5.355621e-02
 1.093500e+00   7.803033e-02
 1.120667e+00   1.024787e-01
 1.148167e+00   1.268101e-01
 1.176000e+00   1.509399e-01
 1.204167e+00   1.747902e-01
 1.232667e+00   1.982896e-01
 1.261500e+00   2.213732e-01
 1.290667e+00   2.439825e-01
 1.320167e+00   2.660651e-01
 1.350000e+00   2.875745e-01
 1.380167e+00   3.084700e-01
 1.410667e+00   3.287162e-01
 1.441500e+00   3.482828e-01
 1.472667e+00   3.671444e-01
 1.504167e+00   3.852800e-01
 1.536000e+00   4.026729e-01
 1.568167e+00   4.193102e-01
 1.600667e+00   4.351828e-01
 1.633500e+00   4.502846e-01
 1.666667e+00   4.646129e-01
 1.700167e+00   4.781674e-01
 1.734000e+00   4.909506e-01
 1.768167e+00   5.029671e-01
 1.802667e+00   5.142234e-01
 1.837500e+00   5.247281e-01
 1.872667e+00   5.344911e-01
 1.908167e+00   5.435238e-01
 1.944000e+00   5.518390e-01
 1.980167e+00   5.594502e-01
 2.016667e+00   5.663722e-01
 2.053500e+00   5.726201e-01
 2.090667e+00   5.782102e-01
 2.128167e+00   5.831587e-01
 2.166000e+00   5.874828e-01
 2.204167e+00   5.911996e-01
 2.242667e+00   5.943268e-01
 2.281500e+00   5.968818e-01
 2.320667e+00   5.988826e-01
 2.360167e+00   6.003469e-01
 2.400000e+00   6.012926e-01
 2.440167e+00   6.017373e-01
 2.480667e+00   6.016987e-01
 2.521500e+00   6.011944e-01
 2.562667e+00   6.002416e-01
 2.604167e+00   5.988576e-01
 2.646000e+00   5.970593e-01
 2.688167e+00   5.948633e-01
 2.730667e+00   5.922863e-01
 2.773500e+00   5.893444e-01
 2.816667e+00   5.860535e-01
 2.860167e+00   5.824294e-01
 2.904000e+00   5.784875e-01
 2.948167e+00   5.742428e-01
 2.992667e+00   5.697103e-01
 3.037500e+00   5.649043e-01
 3.082667e+00   5.598393e-01
 3.128167e+00   5.545290e-01
 3.174000e+00   5.489873e-01
 3.220167e+00   5.432273e-01
 3.266667e+00   5.372623e-01
 3.313500e+00   5.311049e-01
 3.360667e+00   5.247676e-01
 3.408167e+00   5.182626e-01
 3.456000e+00   5.116018e-01
 3.504167e+00   5.047968e-01
 3.552667e+00   4.978589e-01
 3.601500e+00   4.907991e-01
 3.650667e+00   4.836282e-01
 3.700167e+00   4.763566e-01
 3.750000e+00   4.689946e-01
 3.800167e+00   4.615519e-01
 3.850667e+00   4.540383e-01
 3.901500e+00   4.464631e-01
 3.952667e+00   4.388353e-01
 4.004167e+00   4.311637e-01
 4.056000e+00   4.234569e-01
 4.108167e+00   4.157230e-01
 4.160667e+00   4.079702e-01
 4.213500e+00   4.002060e-01
 4.266667e+00   3.924379e-01
 4.320167e+00   3.846731e-01
 4.374000e+00   3.769186e-01
 4.428167e+00   3.691809e-01
 4.482667e+00   3.614664e-01
 4.537500e+00   3.537814e-01
 4.592667e+00   3.461316e-01
 4.648167e+00   3.385228e-01
 4.704000e+00   3.309602e-01
 4.760167e+00   3.234490e-01
 4.816667e+00   3.159942e-01
 4.873500e+00   3.086003e-01
 4.930667e+00   3.012717e-01
 4.988167e+00   2.940127e-01
 5.046000e+00   2.868272e-01
 5.104167e+00   2.797188e-01
 5.162667e+00   2.726912e-01
 5.221500e+00   2.657475e-01
 5.280667e+00   2.588908e-01
 5.340167e+00   2.521239e-01
 5.400000e+00   2.454495e-01
 5.460167e+00   2.388701e-01
 5.520667e+00   2.323877e-01
 5.581500e+00   2.260046e-01
 5.642667e+00   2.197225e-01
 5.704167e+00   2.135430e-01
 5.766000e+00   2.074677e-01
 5.828167e+00   2.014979e-01
 5.890667e+00   1.956347e-01
 5.953500e+00   1.898791e-01
 6.016667e+00   1.842319e-01
 6.080167e+00   1.786937e-01
 6.144000e+00   1.732651e-01
 6.208167e+00   1.679464e-01
 6.272667e+00   1.627379e-01
 6.337500e+00   1.576396e-01
 6.402667e+00   1.526515e-01
 6.468167e+00   1.477735e-01
 6.534000e+00   1.430053e-01
 6.600167e+00   1.383465e-01
 6.666667e+00   1.337966e-01
 6.733500e+00   1.293550e-01
 6.800667e+00   1.250210e-01
 6.868167e+00   1.207938e-01
 6.936000e+00   1.166726e-01
 7.004167e+00   1.126564e-01
 7.072667e+00   1.087442e-01
 7.141500e+00   1.049349e-01
 7.210667e+00   1.012272e-01
 7.280167e+00   9.762007e-02
 7.350000e+00   9.411209e-02
 7.420167e+00   9.070194e-02
 7.490667e+00   8.738823e-02
 7.561500e+00   8.416951e-02
 7.632667e+00   8.104430e-02
 7.704167e+00   7.801109e-02
 7.776000e+00   7.506830e-02
 7.848167e+00   7.221437e-02
 7.920667e+00   6.944767e-02
 7.993500e+00   6.676657e-02
 8.066667e+00   6.416940e-02
 8.140167e+00   6.165451e-02
 8.214000e+00   5.922019e-02
 8.288167e+00   5.686476e-02
 8.362667e+00   5.458651e-02
 8.437500e+00   5.238372e-02
 8.512667e+00   5.025468e-02
 8.588167e+00   4.819768e-02
 8.664000e+00   4.621100e-02
 8.740167e+00   4.429295e-02
 8.816667e+00   4.244182e-02
 8.893500e+00   4.065591e-02
 8.970667e+00   3.893355e-02
 9.048167e+00   3.727306e-02
 9.126000e+00   3.567280e-02
 9.204167e+00   3.413112e-02
 9.282667e+00   3.264640e-02
 9.361500e+00   3.121703e-02
 9.440667e+00   2.984144e-02
 9.520167e+00   2.851806e-02
 9.600000e+00   2.724534e-02
 9.680167e+00   2.602177e-02
 9.760667e+00   2.484585e-02
 9.841500e+00   2.371612e-02
 9.922667e+00   2.263112e-02
 1.000417e+01   2.158944e-02
 1.008600e+01   2.058969e-02
 1.016817e+01   1.963049e-02
 1.025067e+01   1.871052e-02
 1.033350e+01   1.782846e-02
 1.041667e+01   1.698303e-02
 1.050017e+01   1.617298e-02
 1.058400e+01   1.539707e-02
 1.066817e+01   1.465412e-02
 1.075267e+01   1.394296e-02
 1.083750e+01   1.326244e-02
 1.092267e+01   1.261146e-02
 1.100817e+01   1.198893e-02
 1.109400e+01   1.139381e-02
 1.118017e+01   1.082505e-02
 1.126667e+01   1.028168e-02
 1.135350e+01   9.762716e-03
 1.144067e+01   9.267219e-03
 1.152817e+01   8.794275e-03
 1.161600e+01   8.342997e-03
 1.170417e+01   7.912524e-03
 1.179267e+01   7.502021e-03
 1.188150e+01   7.110680e-03
 1.197067e+01   6.737718e-03
 1.206017e+01   6.382377e-03
 1.215000e+01   6.043922e-03
 1.224017e+01   5.721645e-03
 1.233067e+01   5.414858e-03
 1.242150e+01   5.122901e-03
 1.251267e+01   4.845131e-03
 1.260417e+01   4.580931e-03
 1.269600e+01   4.329704e-03
 1.278817e+01   4.090875e-03
 1.288067e+01   3.863888e-03
 1.297350e+01   3.648209e-03
 1.306667e+01   3.443321e-03
 1.316017e+01   3.248728e-03
 1.325400e+01   3.063952e-03
 1.334817e+01   2.888531e-03
 1.344267e+01   2.722023e-03
 1.353750e+01   2.564000e-03
 1.363267e+01   2.414053e-03
 1.372817e+01   2.271787e-03
 1.382400e+01   2.136822e-03
 1.392017e+01   2.008792e-03
 1.401667e+01   1.887348e-03
 1.411350e+01   1.772152e-03
 1.421067e+01   1.662878e-03
 1.430817e+01   1.559217e-03
 1.440600e+01   1.460866e-03
 1.450417e+01   1.367538e-03
 1.460267e+01   1.278956e-03
 1.470150e+01   1.194853e-03
 1.480067e+01   1.114970e-03
 1.490017e+01   1.039061e-03
 1.500000e+01   9.668876e-04
